
============================================================================================================================================
 OPTIMIZATION SUMMARY: NACA
============================================================================================================================================
Re         | AoA   | Base L/D   | Opt L/D    | Imp.     | Base CL  | Base CD  | Opt CL   | Opt CD   | Base T   | Opt T   
--------------------------------------------------------------------------------------------------------------------------------------------
1e5        | 0     | -0.00      | 23.52      |    +0.0% | -0.000   | 0.01790  | 0.564    | 0.02398  | 0.106    | 0.122   
1e5        | 4     | 33.50      | 49.63      |   +48.1% | 0.596    | 0.01780  | 1.116    | 0.02248  | 0.106    | 0.125   
1e5        | 8     | 26.81      | 41.25      |   +53.9% | 0.881    | 0.03288  | 1.161    | 0.02814  | 0.106    | 0.107   
1e6        | 0     | -0.00      | 56.80      |    +0.0% | -0.000   | 0.00433  | 0.391    | 0.00688  | 0.106    | 0.121   
1e6        | 4     | 51.20      | 69.30      |   +35.3% | 0.425    | 0.00831  | 0.742    | 0.01071  | 0.106    | 0.127   
1e6        | 8     | 73.48      | 86.90      |   +18.3% | 0.921    | 0.01253  | 1.005    | 0.01156  | 0.106    | 0.103   
6e6        | 0     | -0.02      | 56.79      |    +0.0% | -0.000   | 0.00558  | 0.389    | 0.00685  | 0.106    | 0.123   
6e6        | 4     | 72.37      | 107.39     |   +48.4% | 0.397    | 0.00549  | 0.610    | 0.00568  | 0.106    | 0.129   
6e6        | 8     | 107.53     | 157.31     |   +46.3% | 0.824    | 0.00766  | 0.878    | 0.00558  | 0.106    | 0.102   
============================================================================================================================================
