  
       XFOIL         Version 6.99
  
 Calculated polar for: CST Airfoil                                     
  
 1 1 Reynolds number fixed          Mach number fixed         
  
 xtrf =   1.000 (top)        1.000 (bottom)  
 Mach =   0.000     Re =     1.000 e 6     Ncrit =   9.000  9.000
  
   alpha    CL        CD       CDp       CM     Top_Xtr  Bot_Xtr  Top_Itr  Bot_Itr
  ------ -------- --------- --------- -------- -------- -------- -------- --------
  -2.000  -0.1791   0.00614   0.00056  -0.0114   0.9312   0.3914   5.0927 128.0639
  -1.500  -0.1297   0.00563   0.00044  -0.0097   0.9147   0.4806   5.9960 132.7740
  -1.000  -0.0857   0.00509   0.00035  -0.0069   0.8930   0.5926   7.1694 138.6722
  -0.500  -0.0452   0.00454   0.00030  -0.0031   0.8634   0.7277   8.7614 145.8392
   0.000  -0.0000   0.00433   0.00030   0.0000   0.8180   0.8183  11.1855 150.7052
   0.500   0.0450   0.00454   0.00029   0.0031   0.7277   0.8634  15.9692 153.1439
   1.000   0.0859   0.00509   0.00036   0.0068   0.5929   0.8929  23.0364 154.7502
   1.500   0.1301   0.00564   0.00045   0.0096   0.4796   0.9146  28.9250 155.9376
   2.000   0.1798   0.00614   0.00056   0.0112   0.3915   0.9311  33.5219 156.8517
   2.500   0.2353   0.00665   0.00069   0.0115   0.3175   0.9428  37.4321 157.5132
   3.000   0.2890   0.00714   0.00081   0.0122   0.2575   0.9537  40.7082 158.1267
   3.500   0.3566   0.00772   0.00099   0.0097   0.2051   0.9587  43.7706 158.4169
   4.000   0.4255   0.00831   0.00120   0.0070   0.1638   0.9642  46.4848 158.7326
   4.500   0.4919   0.00893   0.00143   0.0048   0.1312   0.9706  49.0072 159.1045
   5.000   0.5603   0.00940   0.00162   0.0020   0.1063   0.9726  51.3695 159.2215
   5.500   0.6247   0.00988   0.00182   0.0001   0.0869   0.9751  53.6025 159.3697
   6.000   0.6856   0.01037   0.00204  -0.0012   0.0722   0.9785  55.6394 159.5718
   6.500   0.7400   0.01088   0.00227  -0.0010   0.0614   0.9835  57.3835 159.8643
   7.000   0.7961   0.01143   0.00256  -0.0012   0.0525   0.9869  59.0229 160.0818
   7.500   0.8597   0.01192   0.00288  -0.0032   0.0451   0.9889  60.5471 160.2184
   8.000   0.9207   0.01253   0.00326  -0.0047   0.0395   0.9915  61.8382 160.4022
   8.500   0.9793   0.01321   0.00371  -0.0057   0.0348   0.9946  63.0084 160.6217
   9.000   1.0370   0.01391   0.00418  -0.0066   0.0313   0.9976  63.9531 160.8311
   9.500   1.0938   0.01461   0.00467  -0.0073   0.0283   0.9997  64.7880 160.9801
  10.000   1.1288   0.01534   0.00518  -0.0036   0.0262   1.0000  65.4150 161.0000
  10.500   1.1559   0.01621   0.00573   0.0016   0.0245   1.0000  65.9538 161.0000
  11.000   1.1837   0.01696   0.00623   0.0068   0.0231   1.0000  66.3881 161.0000
  11.500   1.2084   0.01784   0.00674   0.0123   0.0218   1.0000  66.8217 161.0000
  12.000   1.2298   0.01887   0.00736   0.0183   0.0206   1.0000  67.2146 161.0000
  12.500   1.2508   0.01980   0.00786   0.0243   0.0196   1.0000  67.5716 161.0000
  13.000   1.2603   0.02092   0.00838   0.0321   0.0188   1.0000  67.8580 161.0000
  13.500   1.2715   0.02242   0.00921   0.0387   0.0181   1.0000  68.1179 161.0000
  14.000   1.2888   0.02389   0.01008   0.0437   0.0174   1.0000  68.3809 161.0000
