  
       XFOIL         Version 6.99
  
 Calculated polar for: CST Airfoil                                     
  
 1 1 Reynolds number fixed          Mach number fixed         
  
 xtrf =   1.000 (top)        1.000 (bottom)  
 Mach =   0.000     Re =     6.000 e 6     Ncrit =   9.000  9.000
  
   alpha    CL        CD       CDp       CM     Top_Xtr  Bot_Xtr  Top_Itr  Bot_Itr
  ------ -------- --------- --------- -------- -------- -------- -------- --------
  -2.000  -0.1992   0.00538   0.00016  -0.0056   0.6216   0.1755  21.5372 115.7624
  -1.000  -0.1008   0.00554   0.00012  -0.0026   0.4503   0.2417  30.4513 119.8813
  -0.500  -0.0505   0.00558   0.00011  -0.0013   0.3851   0.2814  33.8546 122.1285
   0.000  -0.0001   0.00558   0.00011   0.0000   0.3307   0.3317  36.7265 124.8744
   0.500   0.0506   0.00556   0.00011   0.0013   0.2836   0.3862  39.2667 127.7895
   1.000   0.1010   0.00556   0.00012   0.0025   0.2412   0.4479  41.6329 131.0496
   1.500   0.1505   0.00550   0.00014   0.0040   0.2046   0.5268  43.7970 135.2044
   2.000   0.1993   0.00540   0.00017   0.0056   0.1746   0.6194  45.7320 140.0873
   2.500   0.2467   0.00525   0.00019   0.0076   0.1491   0.7261  47.5686 145.7574
   3.000   0.2954   0.00523   0.00025   0.0093   0.1271   0.8023  49.3779 149.8414
   3.500   0.3460   0.00533   0.00032   0.0107   0.1075   0.8448  51.2488 152.1324
   4.000   0.3973   0.00549   0.00041   0.0119   0.0906   0.8743  53.1437 153.7335
   4.500   0.4492   0.00569   0.00051   0.0129   0.0762   0.8945  55.0381 154.8376
   5.000   0.5011   0.00590   0.00061   0.0140   0.0647   0.9114  56.8176 155.7651
   5.500   0.5531   0.00612   0.00072   0.0149   0.0559   0.9259  58.3799 156.5641
   6.000   0.6048   0.00638   0.00084   0.0160   0.0475   0.9391  60.0411 157.3019
   6.500   0.6558   0.00663   0.00098   0.0172   0.0412   0.9571  61.4456 158.3221
   7.000   0.7050   0.00693   0.00111   0.0187   0.0359   0.9692  62.7231 159.0178
   7.500   0.7640   0.00729   0.00130   0.0180   0.0309   0.9759  64.0505 159.4169
   8.000   0.8237   0.00766   0.00151   0.0171   0.0273   0.9795  65.0941 159.6272
   8.500   0.8782   0.00806   0.00170   0.0173   0.0240   0.9835  66.0922 159.8647
   9.000   0.9313   0.00848   0.00191   0.0177   0.0213   0.9865  66.9928 160.0495
   9.500   0.9914   0.00890   0.00217   0.0165   0.0195   0.9876  67.6030 160.1299
  10.000   1.0505   0.00936   0.00246   0.0156   0.0177   0.9890  68.2710 160.2252
  10.500   1.1081   0.00989   0.00279   0.0148   0.0157   0.9906  69.0073 160.3382
  11.000   1.1654   0.01036   0.00308   0.0141   0.0149   0.9923  69.3359 160.4573
  11.500   1.2207   0.01096   0.00347   0.0137   0.0133   0.9941  69.9703 160.5838
  12.000   1.2759   0.01148   0.00379   0.0134   0.0128   0.9957  70.1866 160.6944
  12.500   1.3295   0.01212   0.00420   0.0132   0.0118   0.9971  70.6241 160.7926
  13.000   1.3816   0.01282   0.00464   0.0133   0.0109   0.9982  71.0312 160.8701
  13.500   1.4335   0.01345   0.00504   0.0134   0.0105   0.9990  71.1944 160.9276
