  
       XFOIL         Version 6.99
  
 Calculated polar for: CST Airfoil                                     
  
 1 1 Reynolds number fixed          Mach number fixed         
  
 xtrf =   1.000 (top)        1.000 (bottom)  
 Mach =   0.000     Re =     0.100 e 6     Ncrit =   9.000  9.000
  
   alpha    CL        CD       CDp       CM     Top_Xtr  Bot_Xtr  Top_Itr  Bot_Itr
  ------ -------- --------- --------- -------- -------- -------- -------- --------
  -2.000  -0.3682   0.01598   0.00517   0.0304   1.0000   0.9011   1.0000 155.1960
  -1.500  -0.2202   0.01787   0.00623   0.0150   1.0000   0.9539   1.0000 158.1374
  -1.000  -0.0592   0.01830   0.00618  -0.0052   1.0000   0.9914   1.0000 160.3948
  -0.500  -0.0093   0.01801   0.00582  -0.0064   1.0000   1.0000   1.0000 161.0000
   0.000  -0.0000   0.01790   0.00573   0.0000   1.0000   1.0000   1.0000 161.0000
   0.500   0.0093   0.01800   0.00582   0.0064   1.0000   1.0000   1.0000 161.0000
   1.000   0.0589   0.01829   0.00618   0.0053   0.9914   1.0000   1.5949 161.0000
   1.500   0.2195   0.01786   0.00624  -0.0148   0.9537   1.0000   3.8371 161.0000
   2.000   0.3668   0.01599   0.00519  -0.0301   0.9009   1.0000   6.7431 161.0000
   2.500   0.4966   0.01418   0.00332  -0.0402   0.6953   1.0000  17.6765 161.0000
   3.000   0.5339   0.01539   0.00325  -0.0353   0.4725   1.0000  29.2936 161.0000
   3.500   0.5634   0.01664   0.00373  -0.0302   0.3635   1.0000  34.9932 161.0000
   4.000   0.5963   0.01780   0.00436  -0.0259   0.2917   1.0000  38.8258 161.0000
   4.500   0.6314   0.01900   0.00512  -0.0220   0.2413   1.0000  41.6276 161.0000
   5.000   0.6677   0.02031   0.00597  -0.0183   0.2044   1.0000  43.8088 161.0000
   5.500   0.7050   0.02179   0.00705  -0.0148   0.1758   1.0000  45.6528 161.0000
   6.000   0.7431   0.02353   0.00825  -0.0115   0.1539   1.0000  47.2040 161.0000
   6.500   0.7801   0.02537   0.00978  -0.0079   0.1360   1.0000  48.6149 161.0000
   7.000   0.8168   0.02749   0.01141  -0.0044   0.1221   1.0000  49.8239 161.0000
   7.500   0.8517   0.02997   0.01341  -0.0007   0.1109   1.0000  50.8931 161.0000
   8.000   0.8814   0.03288   0.01607   0.0038   0.1019   1.0000  51.8344 161.0000
   8.500   0.9008   0.03666   0.01978   0.0096   0.0950   1.0000  52.6146 161.0000
   9.000   0.9183   0.04088   0.02352   0.0151   0.0902   1.0000  53.1890 161.0000
   9.500   0.9138   0.04620   0.02896   0.0230   0.0865   1.0000  53.6592 161.0000
  10.000   0.9265   0.05099   0.03268   0.0278   0.0835   1.0000  54.0385 161.0000
  10.500   0.8897   0.05824   0.03972   0.0366   0.0834   1.0000  54.0490 161.0000
  11.000   0.8465   0.06506   0.04577   0.0444   0.0837   1.0000  54.0067 161.0000
  11.500   0.5037   0.12239   0.09442   0.0126   0.1629   1.0000  46.5479 161.0000
  12.000   0.5581   0.12609   0.10989   0.0089   0.1505   1.0000  47.4609 161.0000
  12.500   0.6046   0.13344   0.11358   0.0134   0.1434   1.0000  48.0080 161.0000
  13.000   0.5703   0.13975   0.12503   0.0058   0.1345   1.0000  48.7369 161.0000
  13.500   0.5731   0.14680   0.13350   0.0034   0.1277   1.0000  49.3196 161.0000
  14.000   0.6001   0.15366   0.13988   0.0042   0.1208   1.0000  49.9415 161.0000
