  
       XFOIL         Version 6.99
  
 Calculated polar for: CST Airfoil                                     
  
 1 1 Reynolds number fixed          Mach number fixed         
  
 xtrf =   1.000 (top)        1.000 (bottom)  
 Mach =   0.000     Re =     6.000 e 6     Ncrit =   9.000  9.000
  
   alpha    CL        CD       CDp       CM     Top_Xtr  Bot_Xtr  Top_Itr  Bot_Itr
  ------ -------- --------- --------- -------- -------- -------- -------- --------
   1.500   0.5207   0.00726  -0.00074  -0.0245   0.3120   0.0016  38.0117  82.1818
   2.000   0.5574   0.00736  -0.00066  -0.0204   0.2941   0.0021  38.9693  82.4714
   2.500   0.5929   0.00746  -0.00060  -0.0160   0.2806   0.0030  39.6982  82.9221
   3.000   0.6150   0.00742  -0.00057  -0.0086   0.2670   0.1134  40.4301 108.8521
   3.500   0.5826   0.00575  -0.00090   0.0105   0.2566   0.8293  40.9911 151.1731
   4.000   0.6100   0.00568  -0.00094   0.0167   0.2458   0.9130  41.5839 155.8867
   4.500   0.6533   0.00589  -0.00094   0.0192   0.2315   0.9276  42.3718 156.7118
   5.000   0.6994   0.00613  -0.00097   0.0207   0.2171   0.9301  43.1781 156.8580
   5.500   0.7424   0.00641  -0.00104   0.0229   0.2021   0.9320  44.0276 156.9645
   6.000   0.7897   0.00670  -0.00108   0.0240   0.1891   0.9344  44.7839 157.1037
   6.500   0.8341   0.00723  -0.00104   0.0253   0.1553   0.9400  46.8482 157.4187
   7.000   0.8475   0.00868  -0.00080   0.0327   0.0669   0.9462  54.2959 157.7754
   7.500   0.8610   0.01008  -0.00066   0.0400   0.0001   0.9497  78.7312 157.9758
   8.000   0.9046   0.01053  -0.00069   0.0413   0.0001   0.9534  78.4248 158.1867
   8.500   0.9477   0.01102  -0.00074   0.0426   0.0002   0.9582  77.8850 158.4593
   9.000   0.9850   0.01157  -0.00086   0.0450   0.0004   0.9618  77.2134 158.6661
   9.500   1.0202   0.01219  -0.00104   0.0476   0.0004   0.9648  77.2399 158.8359
  10.000   1.0485   0.01300  -0.00125   0.0515   0.0002   0.9669  77.8043 158.9612
  11.000   1.1073   0.01520  -0.00118   0.0570   0.0001   0.9733  79.2069 159.3290
  11.500   1.1353   0.01649  -0.00102   0.0597   0.0001   0.9756  79.4737 159.4593
  12.000   1.1584   0.01806  -0.00072   0.0626   0.0001   0.9778  79.6548 159.5852
  12.500   1.1751   0.01998  -0.00025   0.0661   0.0001   0.9802  79.7719 159.7251
  13.000   1.1490   0.02201  -0.00064   0.0786   0.0001   0.9862  79.8171 160.0819
  13.500   1.1566   0.02547   0.00090   0.0804   0.0000   0.9867  79.9354 160.1128
  14.000   1.1404   0.03109   0.00379   0.0828   0.0000   0.9872  80.0014 160.1443
