  
       XFOIL         Version 6.99
  
 Calculated polar for: CST Airfoil                                     
  
 1 1 Reynolds number fixed          Mach number fixed         
  
 xtrf =   1.000 (top)        1.000 (bottom)  
 Mach =   0.000     Re =     0.100 e 6     Ncrit =   9.000  9.000
  
   alpha    CL        CD       CDp       CM     Top_Xtr  Bot_Xtr  Top_Itr  Bot_Itr
  ------ -------- --------- --------- -------- -------- -------- -------- --------
   0.500   0.8527   0.01951   0.00509  -0.1164   0.7292   1.0000  15.8272 161.0000
   1.000   0.9008   0.01953   0.00490  -0.1145   0.6891   1.0000  17.9731 161.0000
   1.500   0.9418   0.01980   0.00499  -0.1114   0.6506   1.0000  20.0242 161.0000
   2.000   0.9795   0.02019   0.00525  -0.1077   0.6144   1.0000  21.9538 161.0000
   2.500   1.0141   0.02068   0.00563  -0.1036   0.5799   1.0000  23.7897 161.0000
   3.000   1.0483   0.02124   0.00602  -0.0995   0.5476   1.0000  25.5011 161.0000
   3.500   1.0851   0.02182   0.00629  -0.0959   0.5182   1.0000  27.0643 161.0000
   4.000   1.1156   0.02248   0.00680  -0.0912   0.4886   1.0000  28.6326 161.0000
   4.500   1.1509   0.02317   0.00710  -0.0876   0.4621   1.0000  30.0366 161.0000
   5.000   1.1787   0.02396   0.00771  -0.0825   0.4355   1.0000  31.4443 161.0000
   5.500   1.2094   0.02476   0.00812  -0.0781   0.4109   1.0000  32.7466 161.0000
   6.000   1.2416   0.02563   0.00848  -0.0741   0.3882   1.0000  33.9485 161.0000
   6.500   1.2688   0.02662   0.00905  -0.0692   0.3663   1.0000  35.1066 161.0000
   7.000   1.2940   0.02768   0.00966  -0.0640   0.3458   1.0000  36.1955 161.0000
   7.500   1.3191   0.02881   0.01025  -0.0589   0.3267   1.0000  37.2108 161.0000
   8.000   1.3441   0.03002   0.01081  -0.0539   0.3090   1.0000  38.1561 161.0000
   8.500   1.3708   0.03131   0.01131  -0.0493   0.2923   1.0000  39.0476 161.0000
   9.000   1.3870   0.03263   0.01203  -0.0428   0.2772   1.0000  39.8620 161.0000
   9.500   1.3900   0.03364   0.01223  -0.0341   0.2607   1.0000  40.7566 161.0000
  10.000   1.3718   0.03418   0.01181  -0.0215   0.2441   1.0000  41.6620 161.0000
  10.500   1.3503   0.03493   0.01154  -0.0089   0.2299   1.0000  42.4433 161.0000
  11.000   1.3357   0.03604   0.01139   0.0015   0.2162   1.0000  43.2093 161.0000
  11.500   1.3234   0.03749   0.01146   0.0105   0.2031   1.0000  43.9559 161.0000
  12.000   1.3079   0.03972   0.01251   0.0189   0.1915   1.0000  44.6256 161.0000
  12.500   1.2948   0.04223   0.01350   0.0258   0.1801   1.0000  45.3035 161.0000
  13.000   1.2873   0.04500   0.01471   0.0313   0.1705   1.0000  45.8796 161.0000
  13.500   1.2708   0.04882   0.01699   0.0362   0.1601   1.0000  46.5302 161.0000
  14.000   1.2634   0.05246   0.01881   0.0398   0.1521   1.0000  47.0420 161.0000
