  
       XFOIL         Version 6.99
  
 Calculated polar for: CST Airfoil                                     
  
 1 1 Reynolds number fixed          Mach number fixed         
  
 xtrf =   1.000 (top)        1.000 (bottom)  
 Mach =   0.000     Re =     6.000 e 6     Ncrit =   9.000  9.000
  
   alpha    CL        CD       CDp       CM     Top_Xtr  Bot_Xtr  Top_Itr  Bot_Itr
  ------ -------- --------- --------- -------- -------- -------- -------- --------
  -2.000   0.2096   0.00714  -0.00043  -0.0569   0.5188   0.0030  27.0978  83.2808
  -1.500   0.2588   0.00695  -0.00060  -0.0554   0.4888   0.0030  28.6859  83.2764
  -1.000   0.3095   0.00683  -0.00070  -0.0542   0.4607   0.0030  30.1751  83.2886
  -0.500   0.3528   0.00680  -0.00072  -0.0513   0.4351   0.0031  31.5298  83.3179
   0.000   0.3890   0.00685  -0.00071  -0.0468   0.4087   0.0032  32.9255  83.3859
   0.500   0.4226   0.00690  -0.00069  -0.0418   0.3868   0.0039  34.0839  83.7677
   1.500   0.4842   0.00647  -0.00074  -0.0308   0.3467   0.2914  36.2139 121.2957
   2.000   0.4755   0.00491  -0.00095  -0.0168   0.3309   0.9128  37.0556 155.8642
   2.500   0.5197   0.00510  -0.00095  -0.0143   0.3111   0.9309  38.1100 156.8946
   3.000   0.5672   0.00533  -0.00095  -0.0127   0.2907   0.9388  39.2059 157.3412
   3.500   0.6132   0.00559  -0.00095  -0.0108   0.2711   0.9454  40.2652 157.7167
   4.000   0.6521   0.00585  -0.00102  -0.0073   0.2538   0.9494  41.2085 157.9487
   4.500   0.7008   0.00615  -0.00103  -0.0062   0.2355   0.9547  42.2169 158.2493
   5.000   0.7510   0.00650  -0.00100  -0.0055   0.2180   0.9588  43.2014 158.4843
   5.500   0.7979   0.00681  -0.00103  -0.0041   0.2019   0.9606  44.1248 158.5894
   6.000   0.8363   0.00744  -0.00101  -0.0012   0.1609   0.9629  46.6085 158.7232
   6.500   0.8702   0.00810  -0.00100   0.0026   0.1228   0.9652  49.2472 158.8544
   7.500   0.9085   0.01062  -0.00070   0.0153   0.0001   0.9704  78.6069 159.1555
   8.000   0.9541   0.01109  -0.00068   0.0162   0.0001   0.9725  78.6727 159.2736
