  
       XFOIL         Version 6.99
  
 Calculated polar for: CST Airfoil                                     
  
 1 1 Reynolds number fixed          Mach number fixed         
  
 xtrf =   1.000 (top)        1.000 (bottom)  
 Mach =   0.000     Re =     6.000 e 6     Ncrit =   9.000  9.000
  
   alpha    CL        CD       CDp       CM     Top_Xtr  Bot_Xtr  Top_Itr  Bot_Itr
  ------ -------- --------- --------- -------- -------- -------- -------- --------
  -2.000  -0.0797   0.00762   0.00048   0.0307   0.3389   0.0022  36.5084  82.7156
  -1.500  -0.0264   0.00744   0.00036   0.0318   0.3289   0.0023  37.0448  82.8068
  -1.000   0.0268   0.00730   0.00027   0.0329   0.3206   0.0025  37.4959  82.8846
  -0.500   0.0801   0.00719   0.00019   0.0340   0.3103   0.0026  38.0529  82.9455
   0.000   0.1343   0.00719   0.00016   0.0348   0.3016   0.0027  38.5266  83.0025
   0.500   0.1838   0.00683   0.00000   0.0367   0.2915   0.0028  39.0753  83.0797
   1.000   0.2353   0.00669  -0.00003   0.0382   0.2824   0.0030  39.5708  83.1698
   1.500   0.2879   0.00663  -0.00001   0.0393   0.2723   0.0033  40.1204  83.3550
   2.000   0.3372   0.00645   0.00005   0.0411   0.2615   0.0860  40.7142 105.6010
   2.500   0.3758   0.00580   0.00018   0.0450   0.2535   0.4385  41.1549 129.4705
   3.000   0.3840   0.00444   0.00013   0.0556   0.2455   0.8955  41.5935 154.9216
   3.500   0.4376   0.00453   0.00022   0.0564   0.2355   0.9130  42.1501 155.9105
   4.000   0.4916   0.00470   0.00032   0.0569   0.2214   0.9233  42.9451 156.4919
   4.500   0.5464   0.00484   0.00040   0.0573   0.2137   0.9304  43.3841 156.8917
   5.000   0.6010   0.00503   0.00050   0.0576   0.2017   0.9382  44.0741 157.3334
   5.500   0.6551   0.00526   0.00062   0.0580   0.1896   0.9444  44.7882 157.6887
   6.000   0.7095   0.00545   0.00070   0.0583   0.1813   0.9469  45.2883 157.8287
   6.500   0.7545   0.00625   0.00105   0.0601   0.1268   0.9492  48.8844 157.9621
   7.000   0.7822   0.00829   0.00209   0.0647   0.0127   0.9570  66.3956 158.4066
   7.500   0.8313   0.00880   0.00227   0.0657   0.0001   0.9613  78.6886 158.6502
   8.000   0.8792   0.00918   0.00240   0.0669   0.0001   0.9649  78.6530 158.8539
   8.500   0.9233   0.00958   0.00250   0.0689   0.0001   0.9674  78.4994 158.9974
   9.000   0.9772   0.01006   0.00264   0.0685   0.0002   0.9723  78.2080 159.2792
   9.500   1.0319   0.01064   0.00277   0.0678   0.0002   0.9756  77.8670 159.4650
