  
       XFOIL         Version 6.99
  
 Calculated polar for: CST Airfoil                                     
  
 1 1 Reynolds number fixed          Mach number fixed         
  
 xtrf =   1.000 (top)        1.000 (bottom)  
 Mach =   0.000     Re =     0.100 e 6     Ncrit =   9.000  9.000
  
   alpha    CL        CD       CDp       CM     Top_Xtr  Bot_Xtr  Top_Itr  Bot_Itr
  ------ -------- --------- --------- -------- -------- -------- -------- --------
  -2.000   0.0562   0.01993   0.00570  -0.0159   0.6876   0.1010  17.8903 107.6744
  -1.500   0.1193   0.01632   0.00430  -0.0173   0.6636   0.4768  19.1629 131.5196
  -0.500   0.5173   0.01980   0.00529  -0.0659   0.5917   1.0000  22.9862 161.0000
   0.000   0.5579   0.02009   0.00574  -0.0631   0.5710   1.0000  24.0905 161.0000
   0.500   0.5982   0.02039   0.00620  -0.0602   0.5507   1.0000  25.1686 161.0000
   1.000   0.6385   0.02072   0.00665  -0.0572   0.5307   1.0000  26.2323 161.0000
   1.500   0.6785   0.02105   0.00709  -0.0543   0.5108   1.0000  27.2908 161.0000
   2.000   0.7184   0.02139   0.00751  -0.0512   0.4911   1.0000  28.3396 161.0000
   2.500   0.7581   0.02174   0.00790  -0.0482   0.4715   1.0000  29.3878 161.0000
   3.000   0.7975   0.02208   0.00827  -0.0450   0.4517   1.0000  30.4435 161.0000
   3.500   0.8367   0.02243   0.00859  -0.0419   0.4317   1.0000  31.5098 161.0000
   4.000   0.8755   0.02278   0.00888  -0.0387   0.4117   1.0000  32.5786 161.0000
   4.500   0.9140   0.02316   0.00914  -0.0354   0.3917   1.0000  33.6516 161.0000
   5.000   0.9521   0.02357   0.00938  -0.0321   0.3716   1.0000  34.7301 161.0000
   5.500   0.9898   0.02401   0.00959  -0.0287   0.3515   1.0000  35.8116 161.0000
   6.000   1.0267   0.02455   0.00983  -0.0253   0.3315   1.0000  36.8849 161.0000
   6.500   1.0627   0.02522   0.01014  -0.0218   0.3119   1.0000  37.9467 161.0000
   7.000   1.0974   0.02604   0.01055  -0.0182   0.2926   1.0000  38.9935 161.0000
   7.500   1.1296   0.02702   0.01116  -0.0142   0.2740   1.0000  40.0161 161.0000
   8.000   1.1607   0.02814   0.01185  -0.0102   0.2564   1.0000  40.9878 161.0000
   8.500   1.1876   0.02943   0.01285  -0.0056   0.2400   1.0000  41.9054 161.0000
   9.000   1.2104   0.03104   0.01413  -0.0005   0.2248   1.0000  42.7635 161.0000
   9.500   1.2302   0.03299   0.01563   0.0048   0.2115   1.0000  43.5351 161.0000
  10.000   1.2530   0.03494   0.01682   0.0095   0.1996   1.0000  44.2348 161.0000
  10.500   1.2770   0.03669   0.01775   0.0140   0.1881   1.0000  44.9212 161.0000
  11.000   1.2718   0.03979   0.02046   0.0221   0.1794   1.0000  45.4574 161.0000
  11.500   1.2973   0.04199   0.02137   0.0258   0.1700   1.0000  46.0450 161.0000
  12.000   1.2621   0.04580   0.02471   0.0370   0.1649   1.0000  46.3777 161.0000
  12.500   1.2295   0.04886   0.02683   0.0474   0.1603   1.0000  46.6786 161.0000
  13.000   1.2307   0.05213   0.02854   0.0525   0.1543   1.0000  47.0732 161.0000
  13.500   1.1395   0.06091   0.03577   0.0584   0.1539   1.0000  47.1031 161.0000
