  
       XFOIL         Version 6.99
  
 Calculated polar for: CST Airfoil                                     
  
 1 1 Reynolds number fixed          Mach number fixed         
  
 xtrf =   1.000 (top)        1.000 (bottom)  
 Mach =   0.000     Re =     0.100 e 6     Ncrit =   9.000  9.000
  
   alpha    CL        CD       CDp       CM     Top_Xtr  Bot_Xtr  Top_Itr  Bot_Itr
  ------ -------- --------- --------- -------- -------- -------- -------- --------
  -1.500  -0.1410   0.03718   0.01824  -0.0002   0.8424   0.0611   9.7896 101.6764
  -1.000  -0.0628   0.03340   0.01423  -0.0011   0.8265   0.0518  10.6543  99.7691
  -0.500   0.0684   0.02943   0.01143  -0.0129   0.8189   0.0607  11.0622 101.6005
   0.500   0.6599   0.02230   0.00871  -0.1022   0.8220   1.0000  10.8958 161.0000
   1.000   0.7380   0.02096   0.00762  -0.1053   0.7961   1.0000  12.2964 161.0000
   1.500   0.8219   0.01959   0.00637  -0.1096   0.7661   1.0000  13.9094 161.0000
   2.000   0.8865   0.01893   0.00561  -0.1103   0.7278   1.0000  15.9663 161.0000
   2.500   0.9343   0.01885   0.00534  -0.1079   0.6846   1.0000  18.2807 161.0000
   3.000   0.9789   0.01903   0.00522  -0.1052   0.6411   1.0000  20.6020 161.0000
   3.500   1.0204   0.01942   0.00523  -0.1019   0.5993   1.0000  22.8252 161.0000
   4.000   1.0581   0.01999   0.00538  -0.0981   0.5595   1.0000  24.9366 161.0000
   4.500   1.0919   0.02069   0.00564  -0.0937   0.5217   1.0000  26.9415 161.0000
   5.000   1.1223   0.02148   0.00602  -0.0887   0.4859   1.0000  28.8383 161.0000
   5.500   1.1512   0.02235   0.00645  -0.0836   0.4522   1.0000  30.6198 161.0000
   6.000   1.1806   0.02329   0.00684  -0.0787   0.4211   1.0000  32.2691 161.0000
   6.500   1.2080   0.02426   0.00725  -0.0735   0.3916   1.0000  33.8285 161.0000
   7.000   1.2335   0.02537   0.00777  -0.0680   0.3645   1.0000  35.2706 161.0000
   7.500   1.2567   0.02650   0.00831  -0.0623   0.3389   1.0000  36.6288 161.0000
   8.000   1.2822   0.02771   0.00877  -0.0571   0.3158   1.0000  37.8642 161.0000
   8.500   1.3093   0.02910   0.00931  -0.0524   0.2942   1.0000  39.0216 161.0000
   9.000   1.3288   0.03052   0.01001  -0.0463   0.2748   1.0000  40.0709 161.0000
   9.500   1.3501   0.03205   0.01070  -0.0408   0.2569   1.0000  41.0484 161.0000
  10.000   1.3665   0.03359   0.01143  -0.0344   0.2410   1.0000  41.9267 161.0000
  10.500   1.3675   0.03520   0.01239  -0.0254   0.2277   1.0000  42.6671 161.0000
  11.000   1.3785   0.03712   0.01337  -0.0187   0.2151   1.0000  43.3804 161.0000
  11.500   1.4027   0.03915   0.01418  -0.0145   0.2025   1.0000  44.1100 161.0000
  12.000   1.3936   0.04121   0.01548  -0.0050   0.1931   1.0000  44.6616 161.0000
  12.500   1.4005   0.04362   0.01664   0.0011   0.1830   1.0000  45.2649 161.0000
  13.000   1.4067   0.04494   0.01635   0.0072   0.1702   1.0000  46.0496 161.0000
  13.500   1.3741   0.04791   0.01843   0.0170   0.1626   1.0000  46.5347 161.0000
  14.000   1.3688   0.05010   0.01902   0.0226   0.1522   1.0000  47.2136 161.0000
