CST Airfoil
  1.000000  0.000000
  0.999938  0.000008
  0.999751  0.000032
  0.999439  0.000071
  0.999003  0.000127
  0.998443  0.000197
  0.997759  0.000283
  0.996950  0.000384
  0.996018  0.000498
  0.994962  0.000627
  0.993782  0.000770
  0.992480  0.000925
  0.991055  0.001092
  0.989507  0.001271
  0.987838  0.001462
  0.986046  0.001662
  0.984134  0.001872
  0.982101  0.002091
  0.979948  0.002317
  0.977675  0.002552
  0.975284  0.002792
  0.972774  0.003038
  0.970146  0.003290
  0.967400  0.003545
  0.964539  0.003804
  0.961561  0.004065
  0.958469  0.004329
  0.955262  0.004593
  0.951942  0.004859
  0.948509  0.005124
  0.944964  0.005390
  0.941309  0.005654
  0.937544  0.005917
  0.933669  0.006179
  0.929686  0.006438
  0.925597  0.006696
  0.921401  0.006952
  0.917100  0.007205
  0.912695  0.007456
  0.908188  0.007706
  0.903579  0.007953
  0.898869  0.008200
  0.894059  0.008445
  0.889152  0.008690
  0.884147  0.008935
  0.879047  0.009180
  0.873852  0.009428
  0.868565  0.009677
  0.863185  0.009931
  0.857715  0.010189
  0.852155  0.010452
  0.846508  0.010722
  0.840775  0.011000
  0.834956  0.011288
  0.829054  0.011586
  0.823070  0.011897
  0.817006  0.012221
  0.810863  0.012560
  0.804642  0.012916
  0.798345  0.013290
  0.791974  0.013685
  0.785529  0.014100
  0.779014  0.014539
  0.772430  0.015003
  0.765777  0.015492
  0.759058  0.016009
  0.752275  0.016556
  0.745429  0.017133
  0.738522  0.017742
  0.731555  0.018384
  0.724530  0.019060
  0.717450  0.019773
  0.710315  0.020521
  0.703128  0.021307
  0.695890  0.022132
  0.688604  0.022995
  0.681270  0.023898
  0.673891  0.024841
  0.666469  0.025825
  0.659006  0.026848
  0.651503  0.027912
  0.643962  0.029017
  0.636385  0.030161
  0.628774  0.031344
  0.621131  0.032567
  0.613458  0.033828
  0.605757  0.035125
  0.598029  0.036459
  0.590277  0.037827
  0.582502  0.039229
  0.574707  0.040662
  0.566893  0.042125
  0.559063  0.043617
  0.551217  0.045134
  0.543359  0.046676
  0.535491  0.048239
  0.527613  0.049822
  0.519728  0.051421
  0.511839  0.053035
  0.503947  0.054661
  0.496053  0.056295
  0.488161  0.057935
  0.480271  0.059578
  0.472387  0.061222
  0.464509  0.062862
  0.456641  0.064497
  0.448783  0.066123
  0.440937  0.067737
  0.433107  0.069335
  0.425293  0.070916
  0.417498  0.072476
  0.409723  0.074012
  0.401971  0.075521
  0.394243  0.076999
  0.386542  0.078446
  0.378869  0.079856
  0.371226  0.081229
  0.363615  0.082561
  0.356038  0.083850
  0.348497  0.085093
  0.340994  0.086288
  0.333531  0.087433
  0.326109  0.088526
  0.318730  0.089565
  0.311396  0.090547
  0.304110  0.091472
  0.296872  0.092338
  0.289685  0.093143
  0.282550  0.093886
  0.275470  0.094566
  0.268445  0.095182
  0.261478  0.095732
  0.254571  0.096216
  0.247725  0.096633
  0.240941  0.096983
  0.234223  0.097265
  0.227570  0.097479
  0.220986  0.097624
  0.214470  0.097701
  0.208026  0.097709
  0.201655  0.097649
  0.195358  0.097520
  0.189138  0.097323
  0.182994  0.097058
  0.176930  0.096725
  0.170946  0.096325
  0.165044  0.095859
  0.159225  0.095326
  0.153492  0.094728
  0.147845  0.094065
  0.142285  0.093338
  0.136815  0.092548
  0.131435  0.091695
  0.126148  0.090780
  0.120953  0.089804
  0.115853  0.088768
  0.110848  0.087673
  0.105941  0.086519
  0.101131  0.085309
  0.096421  0.084041
  0.091812  0.082718
  0.087305  0.081341
  0.082900  0.079910
  0.078599  0.078427
  0.074403  0.076892
  0.070314  0.075306
  0.066331  0.073671
  0.062456  0.071987
  0.058691  0.070257
  0.055036  0.068479
  0.051491  0.066657
  0.048058  0.064791
  0.044738  0.062881
  0.041531  0.060930
  0.038439  0.058938
  0.035461  0.056907
  0.032600  0.054837
  0.029854  0.052731
  0.027226  0.050589
  0.024716  0.048413
  0.022325  0.046204
  0.020052  0.043964
  0.017899  0.041693
  0.015866  0.039393
  0.013954  0.037067
  0.012162  0.034714
  0.010493  0.032338
  0.008945  0.029939
  0.007520  0.027519
  0.006218  0.025080
  0.005038  0.022623
  0.003982  0.020150
  0.003050  0.017662
  0.002241  0.015163
  0.001557  0.012652
  0.000997  0.010132
  0.000561  0.007606
  0.000249  0.005074
  0.000062  0.002538
  0.000000  0.000000
  0.000000  -0.000000
  0.000062  -0.000326
  0.000249  -0.000651
  0.000561  -0.000974
  0.000997  -0.001295
  0.001557  -0.001611
  0.002241  -0.001923
  0.003050  -0.002229
  0.003982  -0.002529
  0.005038  -0.002821
  0.006218  -0.003105
  0.007520  -0.003381
  0.008945  -0.003646
  0.010493  -0.003901
  0.012162  -0.004145
  0.013954  -0.004377
  0.015866  -0.004597
  0.017899  -0.004804
  0.020052  -0.004997
  0.022325  -0.005177
  0.024716  -0.005343
  0.027226  -0.005494
  0.029854  -0.005630
  0.032600  -0.005751
  0.035461  -0.005858
  0.038439  -0.005949
  0.041531  -0.006025
  0.044738  -0.006086
  0.048058  -0.006131
  0.051491  -0.006162
  0.055036  -0.006179
  0.058691  -0.006181
  0.062456  -0.006169
  0.066331  -0.006143
  0.070314  -0.006105
  0.074403  -0.006054
  0.078599  -0.005991
  0.082900  -0.005917
  0.087305  -0.005832
  0.091812  -0.005738
  0.096421  -0.005634
  0.101131  -0.005522
  0.105941  -0.005403
  0.110848  -0.005278
  0.115853  -0.005147
  0.120953  -0.005011
  0.126148  -0.004873
  0.131435  -0.004732
  0.136815  -0.004589
  0.142285  -0.004447
  0.147845  -0.004305
  0.153492  -0.004165
  0.159225  -0.004029
  0.165044  -0.003896
  0.170946  -0.003769
  0.176930  -0.003649
  0.182994  -0.003536
  0.189138  -0.003432
  0.195358  -0.003337
  0.201655  -0.003254
  0.208026  -0.003182
  0.214470  -0.003123
  0.220986  -0.003078
  0.227570  -0.003048
  0.234223  -0.003033
  0.240941  -0.003035
  0.247725  -0.003054
  0.254571  -0.003092
  0.261478  -0.003147
  0.268445  -0.003223
  0.275470  -0.003318
  0.282550  -0.003433
  0.289685  -0.003570
  0.296872  -0.003727
  0.304110  -0.003906
  0.311396  -0.004107
  0.318730  -0.004330
  0.326109  -0.004574
  0.333531  -0.004841
  0.340994  -0.005129
  0.348497  -0.005439
  0.356038  -0.005770
  0.363615  -0.006123
  0.371226  -0.006496
  0.378869  -0.006889
  0.386542  -0.007302
  0.394243  -0.007734
  0.401971  -0.008184
  0.409723  -0.008652
  0.417498  -0.009136
  0.425293  -0.009636
  0.433107  -0.010150
  0.440937  -0.010678
  0.448783  -0.011218
  0.456641  -0.011770
  0.464509  -0.012331
  0.472387  -0.012901
  0.480271  -0.013479
  0.488161  -0.014062
  0.496053  -0.014650
  0.503947  -0.015240
  0.511839  -0.015832
  0.519728  -0.016424
  0.527613  -0.017015
  0.535491  -0.017602
  0.543359  -0.018184
  0.551217  -0.018760
  0.559063  -0.019329
  0.566893  -0.019888
  0.574707  -0.020435
  0.582502  -0.020971
  0.590277  -0.021492
  0.598029  -0.021998
  0.605757  -0.022487
  0.613458  -0.022957
  0.621131  -0.023408
  0.628774  -0.023838
  0.636385  -0.024245
  0.643962  -0.024630
  0.651503  -0.024989
  0.659006  -0.025323
  0.666469  -0.025631
  0.673891  -0.025911
  0.681270  -0.026162
  0.688604  -0.026385
  0.695890  -0.026578
  0.703128  -0.026740
  0.710315  -0.026872
  0.717450  -0.026973
  0.724530  -0.027042
  0.731555  -0.027079
  0.738522  -0.027085
  0.745429  -0.027058
  0.752275  -0.027000
  0.759058  -0.026910
  0.765777  -0.026789
  0.772430  -0.026636
  0.779014  -0.026453
  0.785529  -0.026240
  0.791974  -0.025997
  0.798345  -0.025725
  0.804642  -0.025425
  0.810863  -0.025098
  0.817006  -0.024744
  0.823070  -0.024364
  0.829054  -0.023960
  0.834956  -0.023533
  0.840775  -0.023083
  0.846508  -0.022612
  0.852155  -0.022121
  0.857715  -0.021612
  0.863185  -0.021085
  0.868565  -0.020542
  0.873852  -0.019985
  0.879047  -0.019414
  0.884147  -0.018831
  0.889152  -0.018238
  0.894059  -0.017636
  0.898869  -0.017027
  0.903579  -0.016411
  0.908188  -0.015790
  0.912695  -0.015166
  0.917100  -0.014540
  0.921401  -0.013914
  0.925597  -0.013288
  0.929686  -0.012665
  0.933669  -0.012045
  0.937544  -0.011430
  0.941309  -0.010820
  0.944964  -0.010219
  0.948509  -0.009625
  0.951942  -0.009042
  0.955262  -0.008469
  0.958469  -0.007907
  0.961561  -0.007359
  0.964539  -0.006825
  0.967400  -0.006305
  0.970146  -0.005801
  0.972774  -0.005314
  0.975284  -0.004844
  0.977675  -0.004393
  0.979948  -0.003960
  0.982101  -0.003547
  0.984134  -0.003154
  0.986046  -0.002782
  0.987838  -0.002432
  0.989507  -0.002103
  0.991055  -0.001797
  0.992480  -0.001514
  0.993782  -0.001254
  0.994962  -0.001018
  0.996018  -0.000806
  0.996950  -0.000618
  0.997759  -0.000455
  0.998443  -0.000316
  0.999003  -0.000203
  0.999439  -0.000114
  0.999751  -0.000051
  0.999938  -0.000013
  1.000000  -0.000000
