CST Airfoil
  1.000000  0.000000
  0.999938  0.000009
  0.999751  0.000037
  0.999439  0.000082
  0.999003  0.000147
  0.998443  0.000229
  0.997759  0.000330
  0.996950  0.000449
  0.996018  0.000587
  0.994962  0.000743
  0.993782  0.000917
  0.992480  0.001110
  0.991055  0.001320
  0.989507  0.001550
  0.987838  0.001797
  0.986046  0.002063
  0.984134  0.002346
  0.982101  0.002648
  0.979948  0.002968
  0.977675  0.003306
  0.975284  0.003661
  0.972774  0.004034
  0.970146  0.004425
  0.967400  0.004832
  0.964539  0.005257
  0.961561  0.005698
  0.958469  0.006156
  0.955262  0.006629
  0.951942  0.007119
  0.948509  0.007624
  0.944964  0.008144
  0.941309  0.008678
  0.937544  0.009226
  0.933669  0.009788
  0.929686  0.010364
  0.925597  0.010951
  0.921401  0.011551
  0.917100  0.012162
  0.912695  0.012783
  0.908188  0.013415
  0.903579  0.014056
  0.898869  0.014705
  0.894059  0.015363
  0.889152  0.016028
  0.884147  0.016699
  0.879047  0.017377
  0.873852  0.018059
  0.868565  0.018746
  0.863185  0.019436
  0.857715  0.020129
  0.852155  0.020824
  0.846508  0.021520
  0.840775  0.022217
  0.834956  0.022914
  0.829054  0.023610
  0.823070  0.024304
  0.817006  0.024997
  0.810863  0.025686
  0.804642  0.026373
  0.798345  0.027055
  0.791974  0.027733
  0.785529  0.028405
  0.779014  0.029073
  0.772430  0.029734
  0.765777  0.030389
  0.759058  0.031037
  0.752275  0.031677
  0.745429  0.032311
  0.738522  0.032936
  0.731555  0.033553
  0.724530  0.034162
  0.717450  0.034763
  0.710315  0.035354
  0.703128  0.035937
  0.695890  0.036511
  0.688604  0.037075
  0.681270  0.037631
  0.673891  0.038177
  0.666469  0.038714
  0.659006  0.039242
  0.651503  0.039760
  0.643962  0.040269
  0.636385  0.040769
  0.628774  0.041260
  0.621131  0.041742
  0.613458  0.042214
  0.605757  0.042678
  0.598029  0.043132
  0.590277  0.043578
  0.582502  0.044014
  0.574707  0.044442
  0.566893  0.044861
  0.559063  0.045271
  0.551217  0.045672
  0.543359  0.046064
  0.535491  0.046448
  0.527613  0.046822
  0.519728  0.047188
  0.511839  0.047545
  0.503947  0.047893
  0.496053  0.048232
  0.488161  0.048561
  0.480271  0.048881
  0.472387  0.049192
  0.464509  0.049493
  0.456641  0.049785
  0.448783  0.050066
  0.440937  0.050337
  0.433107  0.050598
  0.425293  0.050849
  0.417498  0.051088
  0.409723  0.051317
  0.401971  0.051534
  0.394243  0.051739
  0.386542  0.051933
  0.378869  0.052115
  0.371226  0.052284
  0.363615  0.052440
  0.356038  0.052584
  0.348497  0.052714
  0.340994  0.052831
  0.333531  0.052934
  0.326109  0.053022
  0.318730  0.053096
  0.311396  0.053155
  0.304110  0.053200
  0.296872  0.053228
  0.289685  0.053241
  0.282550  0.053238
  0.275470  0.053219
  0.268445  0.053183
  0.261478  0.053130
  0.254571  0.053060
  0.247725  0.052973
  0.240941  0.052867
  0.234223  0.052744
  0.227570  0.052602
  0.220986  0.052442
  0.214470  0.052262
  0.208026  0.052064
  0.201655  0.051846
  0.195358  0.051608
  0.189138  0.051350
  0.182994  0.051071
  0.176930  0.050772
  0.170946  0.050453
  0.165044  0.050111
  0.159225  0.049749
  0.153492  0.049365
  0.147845  0.048958
  0.142285  0.048529
  0.136815  0.048078
  0.131435  0.047604
  0.126148  0.047107
  0.120953  0.046586
  0.115853  0.046042
  0.110848  0.045474
  0.105941  0.044883
  0.101131  0.044266
  0.096421  0.043626
  0.091812  0.042961
  0.087305  0.042271
  0.082900  0.041557
  0.078599  0.040818
  0.074403  0.040053
  0.070314  0.039264
  0.066331  0.038450
  0.062456  0.037610
  0.058691  0.036746
  0.055036  0.035857
  0.051491  0.034944
  0.048058  0.034005
  0.044738  0.033043
  0.041531  0.032056
  0.038439  0.031046
  0.035461  0.030013
  0.032600  0.028957
  0.029854  0.027878
  0.027226  0.026777
  0.024716  0.025655
  0.022325  0.024512
  0.020052  0.023349
  0.017899  0.022166
  0.015866  0.020965
  0.013954  0.019746
  0.012162  0.018511
  0.010493  0.017259
  0.008945  0.015991
  0.007520  0.014710
  0.006218  0.013416
  0.005038  0.012109
  0.003982  0.010792
  0.003050  0.009465
  0.002241  0.008129
  0.001557  0.006786
  0.000997  0.005436
  0.000561  0.004081
  0.000249  0.002723
  0.000062  0.001362
  0.000000  0.000000
  0.000000  -0.000000
  0.000062  -0.001362
  0.000249  -0.002723
  0.000561  -0.004081
  0.000997  -0.005436
  0.001557  -0.006786
  0.002241  -0.008129
  0.003050  -0.009465
  0.003982  -0.010792
  0.005038  -0.012109
  0.006218  -0.013416
  0.007520  -0.014710
  0.008945  -0.015991
  0.010493  -0.017259
  0.012162  -0.018511
  0.013954  -0.019746
  0.015866  -0.020965
  0.017899  -0.022166
  0.020052  -0.023349
  0.022325  -0.024512
  0.024716  -0.025655
  0.027226  -0.026777
  0.029854  -0.027878
  0.032600  -0.028957
  0.035461  -0.030013
  0.038439  -0.031046
  0.041531  -0.032056
  0.044738  -0.033043
  0.048058  -0.034005
  0.051491  -0.034944
  0.055036  -0.035857
  0.058691  -0.036746
  0.062456  -0.037610
  0.066331  -0.038450
  0.070314  -0.039264
  0.074403  -0.040053
  0.078599  -0.040818
  0.082900  -0.041557
  0.087305  -0.042271
  0.091812  -0.042961
  0.096421  -0.043626
  0.101131  -0.044266
  0.105941  -0.044883
  0.110848  -0.045474
  0.115853  -0.046042
  0.120953  -0.046586
  0.126148  -0.047107
  0.131435  -0.047604
  0.136815  -0.048078
  0.142285  -0.048529
  0.147845  -0.048958
  0.153492  -0.049365
  0.159225  -0.049749
  0.165044  -0.050111
  0.170946  -0.050453
  0.176930  -0.050772
  0.182994  -0.051071
  0.189138  -0.051350
  0.195358  -0.051608
  0.201655  -0.051846
  0.208026  -0.052064
  0.214470  -0.052262
  0.220986  -0.052442
  0.227570  -0.052602
  0.234223  -0.052744
  0.240941  -0.052867
  0.247725  -0.052973
  0.254571  -0.053060
  0.261478  -0.053130
  0.268445  -0.053183
  0.275470  -0.053219
  0.282550  -0.053238
  0.289685  -0.053241
  0.296872  -0.053228
  0.304110  -0.053200
  0.311396  -0.053155
  0.318730  -0.053096
  0.326109  -0.053022
  0.333531  -0.052934
  0.340994  -0.052831
  0.348497  -0.052714
  0.356038  -0.052584
  0.363615  -0.052440
  0.371226  -0.052284
  0.378869  -0.052115
  0.386542  -0.051933
  0.394243  -0.051739
  0.401971  -0.051534
  0.409723  -0.051317
  0.417498  -0.051088
  0.425293  -0.050849
  0.433107  -0.050598
  0.440937  -0.050337
  0.448783  -0.050066
  0.456641  -0.049785
  0.464509  -0.049493
  0.472387  -0.049192
  0.480271  -0.048881
  0.488161  -0.048561
  0.496053  -0.048232
  0.503947  -0.047893
  0.511839  -0.047545
  0.519728  -0.047188
  0.527613  -0.046822
  0.535491  -0.046448
  0.543359  -0.046064
  0.551217  -0.045672
  0.559063  -0.045271
  0.566893  -0.044861
  0.574707  -0.044442
  0.582502  -0.044014
  0.590277  -0.043578
  0.598029  -0.043132
  0.605757  -0.042678
  0.613458  -0.042214
  0.621131  -0.041742
  0.628774  -0.041260
  0.636385  -0.040769
  0.643962  -0.040269
  0.651503  -0.039760
  0.659006  -0.039242
  0.666469  -0.038714
  0.673891  -0.038177
  0.681270  -0.037631
  0.688604  -0.037075
  0.695890  -0.036511
  0.703128  -0.035937
  0.710315  -0.035354
  0.717450  -0.034763
  0.724530  -0.034162
  0.731555  -0.033553
  0.738522  -0.032936
  0.745429  -0.032311
  0.752275  -0.031677
  0.759058  -0.031037
  0.765777  -0.030389
  0.772430  -0.029734
  0.779014  -0.029073
  0.785529  -0.028405
  0.791974  -0.027733
  0.798345  -0.027055
  0.804642  -0.026373
  0.810863  -0.025686
  0.817006  -0.024997
  0.823070  -0.024304
  0.829054  -0.023610
  0.834956  -0.022914
  0.840775  -0.022217
  0.846508  -0.021520
  0.852155  -0.020824
  0.857715  -0.020129
  0.863185  -0.019436
  0.868565  -0.018746
  0.873852  -0.018059
  0.879047  -0.017377
  0.884147  -0.016699
  0.889152  -0.016028
  0.894059  -0.015363
  0.898869  -0.014705
  0.903579  -0.014056
  0.908188  -0.013415
  0.912695  -0.012783
  0.917100  -0.012162
  0.921401  -0.011551
  0.925597  -0.010951
  0.929686  -0.010364
  0.933669  -0.009788
  0.937544  -0.009226
  0.941309  -0.008678
  0.944964  -0.008144
  0.948509  -0.007624
  0.951942  -0.007119
  0.955262  -0.006629
  0.958469  -0.006156
  0.961561  -0.005698
  0.964539  -0.005257
  0.967400  -0.004832
  0.970146  -0.004425
  0.972774  -0.004034
  0.975284  -0.003661
  0.977675  -0.003306
  0.979948  -0.002968
  0.982101  -0.002648
  0.984134  -0.002346
  0.986046  -0.002063
  0.987838  -0.001797
  0.989507  -0.001550
  0.991055  -0.001320
  0.992480  -0.001110
  0.993782  -0.000917
  0.994962  -0.000743
  0.996018  -0.000587
  0.996950  -0.000449
  0.997759  -0.000330
  0.998443  -0.000229
  0.999003  -0.000147
  0.999439  -0.000082
  0.999751  -0.000037
  0.999938  -0.000009
  1.000000  -0.000000
