  
       XFOIL         Version 6.99
  
 Calculated polar for: S809-like Airfoil                               
  
 1 1 Reynolds number fixed          Mach number fixed         
  
 xtrf =   1.000 (top)        1.000 (bottom)  
 Mach =   0.000     Re =     0.100 e 6     Ncrit =   9.000  9.000
  
   alpha    CL        CD       CDp       CM     Top_Xtr  Bot_Xtr  Top_Itr  Bot_Itr
  ------ -------- --------- --------- -------- -------- -------- -------- --------
  -2.000   0.3304   0.05183   0.03370  -0.0585   0.7591   0.6786  14.1916 143.0185
  -1.500   0.3956   0.04859   0.03183  -0.0615   0.7413   0.6825  15.1355 143.2304
  -1.000   0.3917   0.04972   0.03210  -0.0548   0.7258   0.6967  15.9568 144.0086
  -0.500   0.4605   0.04663   0.03053  -0.0583   0.7105   0.7016  16.7703 144.2745
   0.000   0.4572   0.04758   0.03101  -0.0515   0.6971   0.7152  17.4833 145.0250
   0.500   0.5241   0.04502   0.02941  -0.0549   0.6852   0.7203  18.1133 145.3034
   1.000   0.5316   0.04540   0.02981  -0.0494   0.6732   0.7344  18.7443 146.0767
   1.500   0.5866   0.04403   0.02895  -0.0508   0.6616   0.7432  19.3627 146.5625
   2.000   0.6058   0.04377   0.02885  -0.0470   0.6518   0.7544  19.8777 147.1841
   3.000   0.6743   0.04308   0.02849  -0.0437   0.6323   0.7783  20.9128 148.5008
   3.500   0.6777   0.04403   0.02968  -0.0375   0.6218   0.7918  21.4675 149.2507
   4.000   0.7050   0.04392   0.02951  -0.0349   0.6141   0.8002  21.8770 149.7165
   4.500   0.3635   0.04423   0.03034   0.0045   0.5975   0.6883  22.7567 143.5456
   5.000   0.4537   0.04273   0.02888  -0.0030   0.5937   0.6975  22.9583 144.0518
   7.000   0.2728   0.06478   0.04604   0.0174   0.5490   0.7183  25.3378 145.1924
   7.500   0.2784   0.06921   0.04979   0.0173   0.5515   0.7241  25.2015 145.5122
   8.000   0.3211   0.07330   0.05278   0.0134   0.5547   0.7314  25.0314 145.9153
   8.500   0.2551   0.08010   0.06015   0.0144   0.5807   0.7349  23.6488 146.1055
   9.000   0.4640   0.06719   0.04658   0.0157   0.4834   0.7487  28.8442 146.8673
  10.000   0.6556   0.04317   0.01931   0.0305   0.1120   0.7696  51.4062 148.0203
  10.500   0.6391   0.04809   0.02293   0.0330   0.0981   0.7762  52.8208 148.3861
  11.000   0.6650   0.04981   0.02326   0.0347   0.0833   0.7849  54.5634 148.8712
  11.500   0.7657   0.04769   0.01949   0.0367   0.0681   0.7944  56.6703 149.3934
  12.000   0.9061   0.05002   0.01964   0.0321   0.0591   0.8064  58.1489 150.0631
  12.500   0.9554   0.05470   0.02287   0.0325   0.0574   0.8164  58.4508 150.6138
  13.000   0.9775   0.06051   0.02718   0.0336   0.0576   0.8256  58.4152 151.1262
  13.500   0.9687   0.06618   0.03172   0.0364   0.0575   0.8352  58.4230 151.6613
  14.000   0.9508   0.07294   0.03746   0.0378   0.0584   0.8448  58.2749 152.1957
