  
       XFOIL         Version 6.99
  
 Calculated polar for: S809-like Airfoil                               
  
 1 1 Reynolds number fixed          Mach number fixed         
  
 xtrf =   1.000 (top)        1.000 (bottom)  
 Mach =   0.000     Re =     1.000 e 6     Ncrit =   9.000  9.000
  
   alpha    CL        CD       CDp       CM     Top_Xtr  Bot_Xtr  Top_Itr  Bot_Itr
  ------ -------- --------- --------- -------- -------- -------- -------- --------
  -2.000  -0.0916   0.00777   0.00099  -0.0375   0.5622   0.5056  24.6327 133.4872
  -1.500  -0.0333   0.00780   0.00099  -0.0386   0.5518   0.5093  25.1859 133.6951
  -1.000   0.0253   0.00784   0.00098  -0.0398   0.5423   0.5128  25.6946 133.8876
  -0.500   0.0835   0.00787   0.00098  -0.0409   0.5335   0.5164  26.1606 134.0901
   0.000   0.1417   0.00785   0.00099  -0.0419   0.5247   0.5214  26.6323 134.3679
   0.500   0.1995   0.00792   0.00101  -0.0430   0.5161   0.5254  27.0939 134.5890
   1.000   0.2581   0.00796   0.00102  -0.0441   0.5088   0.5292  27.4817 134.8014
   1.500   0.3156   0.00810   0.00102  -0.0450   0.5002   0.5323  27.9460 134.9731
   2.000   0.3737   0.00808   0.00104  -0.0461   0.4936   0.5376  28.2969 135.2712
   2.500   0.4313   0.00816   0.00107  -0.0470   0.4864   0.5421  28.6874 135.5201
   3.000   0.4883   0.00831   0.00111  -0.0478   0.4791   0.5462  29.0747 135.7468
   3.500   0.5462   0.00839   0.00112  -0.0488   0.4727   0.5497  29.4211 135.9417
   4.000   0.6020   0.00848   0.00109  -0.0494   0.4586   0.5545  30.1823 136.2086
   4.500   0.6572   0.00862   0.00109  -0.0498   0.4441   0.5596  30.9652 136.4900
   5.000   0.7130   0.00875   0.00107  -0.0504   0.4286   0.5641  31.8051 136.7374
   5.500   0.7664   0.00900   0.00106  -0.0505   0.4057   0.5678  33.0538 136.9443
   6.000   0.8156   0.00940   0.00108  -0.0500   0.3600   0.5728  35.5621 137.2167
   6.500   0.8047   0.01261   0.00232  -0.0397   0.1057   0.5771  52.0147 137.4547
   7.000   0.8179   0.01384   0.00269  -0.0328   0.0462   0.5817  60.6226 137.7082
   7.500   0.8409   0.01467   0.00285  -0.0277   0.0345   0.5857  63.3824 137.9313
   8.000   0.8636   0.01559   0.00309  -0.0230   0.0284   0.5906  65.0501 138.1976
   8.500   0.8859   0.01660   0.00342  -0.0186   0.0247   0.5956  66.1894 138.4739
   9.000   0.9041   0.01789   0.00390  -0.0140   0.0220   0.6004  67.0511 138.7355
   9.500   0.9239   0.01928   0.00447  -0.0101   0.0199   0.6046  67.7631 138.9696
  10.000   0.9380   0.02106   0.00532  -0.0061   0.0183   0.6105  68.3602 139.2931
  10.500   0.9503   0.02320   0.00644  -0.0025   0.0170   0.6156  68.8482 139.5738
  11.000   0.9585   0.02592   0.00797   0.0008   0.0160   0.6203  69.2300 139.8319
  11.500   0.9700   0.02873   0.00964   0.0031   0.0150   0.6247  69.6068 140.0709
  12.000   0.9739   0.03230   0.01193   0.0053   0.0142   0.6308  69.9170 140.4048
  12.500   0.9799   0.03603   0.01443   0.0069   0.0136   0.6363  70.1753 140.7048
  13.000   0.9919   0.03951   0.01678   0.0078   0.0129   0.6409  70.4953 140.9567
  13.500   1.0024   0.04324   0.01939   0.0084   0.0122   0.6468  70.7744 141.2780
  14.000   1.0017   0.04815   0.02297   0.0090   0.0117   0.6521  71.0136 141.5693
