  
       XFOIL         Version 6.99
  
 Calculated polar for: S809-like Airfoil                               
  
 1 1 Reynolds number fixed          Mach number fixed         
  
 xtrf =   1.000 (top)        1.000 (bottom)  
 Mach =   0.000     Re =     6.000 e 6     Ncrit =   9.000  9.000
  
   alpha    CL        CD       CDp       CM     Top_Xtr  Bot_Xtr  Top_Itr  Bot_Itr
  ------ -------- --------- --------- -------- -------- -------- -------- --------
  -2.000  -0.0823   0.00493   0.00013  -0.0402   0.4829   0.4598  28.8706 130.9278
  -1.500  -0.0219   0.00494   0.00014  -0.0417   0.4780   0.4609  29.1361 130.9919
  -1.000   0.0381   0.00495   0.00014  -0.0431   0.4706   0.4660  29.5351 131.2759
  -0.500   0.0980   0.00496   0.00014  -0.0445   0.4615   0.4717  30.0243 131.5932
   0.000   0.1582   0.00496   0.00015  -0.0459   0.4578   0.4758  30.2280 131.8218
   0.500   0.2180   0.00502   0.00016  -0.0473   0.4503   0.4780  30.6331 131.9476
   1.000   0.2779   0.00507   0.00018  -0.0486   0.4427   0.4794  31.0441 132.0242
   1.500   0.3379   0.00507   0.00018  -0.0500   0.4385   0.4859  31.2676 132.3868
   2.000   0.3972   0.00512   0.00019  -0.0513   0.4314   0.4910  31.6548 132.6750
   2.500   0.4567   0.00518   0.00020  -0.0526   0.4239   0.4947  32.0609 132.8800
   3.000   0.5149   0.00532   0.00023  -0.0536   0.4057   0.4964  33.0534 132.9783
   3.500   0.5728   0.00547   0.00026  -0.0546   0.3881   0.5005  34.0147 133.2043
   4.000   0.6301   0.00564   0.00031  -0.0555   0.3677   0.5066  35.1369 133.5461
   4.500   0.6832   0.00607   0.00044  -0.0557   0.3211   0.5111  37.7250 133.7951
   5.000   0.7064   0.00835   0.00135  -0.0508   0.0811   0.5136  54.8397 133.9376
   5.500   0.7552   0.00891   0.00154  -0.0501   0.0420   0.5155  61.5537 134.0388
   6.000   0.8061   0.00928   0.00168  -0.0499   0.0284   0.5223  65.0613 134.4209
   6.500   0.8566   0.00963   0.00181  -0.0496   0.0219   0.5273  67.0799 134.6983
   7.000   0.9061   0.00999   0.00195  -0.0490   0.0179   0.5309  68.5020 134.8983
   7.500   0.9538   0.01038   0.00208  -0.0482   0.0149   0.5327  69.6515 134.9969
   8.000   0.9996   0.01077   0.00220  -0.0470   0.0130   0.5398  70.4377 135.3910
   8.500   1.0421   0.01119   0.00233  -0.0452   0.0114   0.5451  71.1189 135.6856
   9.000   1.0729   0.01158   0.00234  -0.0411   0.0104   0.5487  71.6026 135.8825
   9.500   1.1007   0.01212   0.00236  -0.0366   0.0094   0.5506  72.0739 135.9900
  10.000   1.1293   0.01271   0.00242  -0.0325   0.0087   0.5576  72.3994 136.3781
  10.500   1.1537   0.01347   0.00256  -0.0280   0.0077   0.5633  72.9049 136.6924
  11.000   1.1797   0.01428   0.00273  -0.0242   0.0074   0.5669  73.0791 136.8946
  11.500   1.2043   0.01523   0.00297  -0.0204   0.0070   0.5688  73.2603 136.9961
  12.000   1.2249   0.01641   0.00332  -0.0164   0.0066   0.5763  73.4996 137.4117
  12.500   1.2426   0.01787   0.00383  -0.0124   0.0060   0.5823  73.8179 137.7429
  13.000   1.2579   0.01963   0.00452  -0.0087   0.0057   0.5858  74.0148 137.9356
  13.500   1.2754   0.02150   0.00531  -0.0057   0.0056   0.5893  74.0689 138.1280
  14.000   1.2918   0.02361   0.00628  -0.0031   0.0054   0.5967  74.1683 138.5319
