  
       XFOIL         Version 6.99
  
 Calculated polar for: S809-like Airfoil                               
  
 1 1 Reynolds number fixed          Mach number fixed         
  
 xtrf =   1.000 (top)        1.000 (bottom)  
 Mach =   0.000     Re =     0.100 e 6     Ncrit =   9.000  9.000
  
   alpha    CL        CD       CDp       CM     Top_Xtr  Bot_Xtr  Top_Itr  Bot_Itr
  ------ -------- --------- --------- -------- -------- -------- -------- --------
  -2.000   0.3793   0.04837   0.03163  -0.0687   0.7521   0.6834  14.6030 143.2929
  -1.500   0.3756   0.04921   0.03191  -0.0621   0.7361   0.6967  15.4613 144.0249
  -1.000   0.4436   0.04633   0.03015  -0.0656   0.7212   0.7022  16.2560 144.3243
  -0.500   0.4520   0.04653   0.03015  -0.0605   0.7086   0.7156  16.9272 145.0646
   0.000   0.5066   0.04471   0.02914  -0.0621   0.6948   0.7220  17.6606 145.4178
   0.500   0.5179   0.04473   0.02921  -0.0572   0.6834   0.7346  18.2689 146.1145
   1.000   0.5294   0.04531   0.02934  -0.0518   0.6727   0.7505  18.8389 146.9938
   1.500   0.5905   0.04333   0.02849  -0.0547   0.6617   0.7561  19.4277 147.3020
   2.000   0.6025   0.04347   0.02844  -0.0495   0.6525   0.7700  19.9150 148.0721
   2.500   0.6447   0.04304   0.02847  -0.0494   0.6417   0.7804  20.4920 148.6474
   3.000   0.6803   0.04256   0.02808  -0.0479   0.6339   0.7940  20.9060 149.4051
   3.500   0.3570   0.04147   0.02830  -0.0077   0.6198   0.6832  21.6570 143.2806
   4.000   0.3509   0.04286   0.02910  -0.0024   0.6090   0.6887  22.2353 143.5838
   7.500   0.6891   0.03858   0.02320  -0.0023   0.5227   0.7398  26.8466 146.4042
   8.000   0.7845   0.02743   0.01104   0.0016   0.4187   0.7511  32.4703 147.0285
   8.500   0.7329   0.02903   0.00998   0.0159   0.2682   0.7575  40.8392 147.3810
   9.000   0.6753   0.03462   0.01288   0.0238   0.1416   0.7644  48.9576 147.7642
   9.500   0.6380   0.04080   0.01717   0.0274   0.1087   0.7712  51.8299 148.1375
  10.000   0.6159   0.04639   0.02134   0.0299   0.0952   0.7785  53.2566 148.5450
  10.500   0.6140   0.05099   0.02461   0.0305   0.0836   0.7869  54.6463 149.0076
  11.000   0.6631   0.04992   0.02212   0.0344   0.0703   0.7956  56.4833 149.4928
  11.500   0.8253   0.04806   0.01803   0.0327   0.0583   0.8081  58.4407 150.1869
  12.000   0.9394   0.05295   0.02058   0.0282   0.0541   0.8203  59.2053 150.8619
  12.500   0.9779   0.05879   0.02471   0.0296   0.0568   0.8301  58.7050 151.4055
  13.000   0.9823   0.06590   0.03009   0.0327   0.0642   0.8405  57.4426 151.9822
  13.500   0.9743   0.07473   0.03704   0.0362   0.0796   0.8506  55.1552 152.5482
  14.000   0.8778   0.08605   0.04925   0.0385   0.1153   0.8576  51.1977 152.9318
