  
       XFOIL         Version 6.99
  
 Calculated polar for: S809-like Airfoil                               
  
 1 1 Reynolds number fixed          Mach number fixed         
  
 xtrf =   1.000 (top)        1.000 (bottom)  
 Mach =   0.000     Re =     6.000 e 6     Ncrit =   9.000  9.000
  
   alpha    CL        CD       CDp       CM     Top_Xtr  Bot_Xtr  Top_Itr  Bot_Itr
  ------ -------- --------- --------- -------- -------- -------- -------- --------
  -1.500   0.0632   0.00510   0.00004  -0.0436   0.4680   0.4644  29.7794 131.1434
  -1.000   0.1215   0.00503   0.00005  -0.0447   0.4623   0.4860  30.0894 132.3488
  -0.500   0.1802   0.00502   0.00006  -0.0460   0.4568   0.4944  30.3828 132.8106
   0.000   0.2386   0.00509   0.00008  -0.0471   0.4484   0.4969  30.8341 132.9504
   0.500   0.2976   0.00512   0.00010  -0.0484   0.4439   0.5002  31.0753 133.1379
   1.000   0.3561   0.00514   0.00010  -0.0496   0.4388   0.5077  31.3465 133.5507
   1.500   0.4138   0.00521   0.00012  -0.0506   0.4307   0.5123  31.7822 133.8080
   2.000   0.4723   0.00526   0.00013  -0.0518   0.4258   0.5149  32.0459 133.9533
   2.500   0.5307   0.00530   0.00013  -0.0530   0.4220   0.5184  32.2481 134.1486
   3.000   0.5877   0.00537   0.00014  -0.0540   0.4149   0.5260  32.6299 134.5693
   3.500   0.6449   0.00545   0.00015  -0.0549   0.4077   0.5308  33.0135 134.8384
   4.000   0.7024   0.00552   0.00015  -0.0560   0.4030   0.5333  33.2715 134.9742
   4.500   0.7558   0.00574   0.00016  -0.0563   0.3807   0.5387  34.4716 135.2736
   5.000   0.8077   0.00600   0.00020  -0.0563   0.3573   0.5455  35.7362 135.6519
   5.500   0.8559   0.00638   0.00027  -0.0556   0.3231   0.5499  37.5933 135.8986
   6.000   0.8854   0.00742   0.00055  -0.0514   0.2366   0.5520  42.4144 136.0140
   7.000   0.8769   0.01018   0.00082  -0.0298   0.0349   0.5643  62.1065 136.7000
   7.500   0.8984   0.01090   0.00075  -0.0244   0.0148   0.5683  68.4218 136.9220
   8.000   0.9138   0.01181   0.00071  -0.0181   0.0004   0.5724  78.2388 137.1494
   8.500   0.9425   0.01243   0.00066  -0.0144   0.0002   0.5802  78.5501 137.5832
   9.000   0.9696   0.01316   0.00065  -0.0107   0.0002   0.5851  78.6576 137.8560
   9.500   0.9948   0.01401   0.00067  -0.0069   0.0002   0.5877  78.7111 137.9983
  10.000   1.0180   0.01500   0.00076  -0.0031   0.0002   0.5967  78.7442 138.4956
  10.500   1.0392   0.01616   0.00093   0.0007   0.0002   0.6028  78.7666 138.8379
  11.000   1.0571   0.01759   0.00122   0.0045   0.0002   0.6058  78.7906 139.0046
  11.500   1.0739   0.01921   0.00163   0.0081   0.0002   0.6146  78.8406 139.4899
  12.000   1.0872   0.02119   0.00226   0.0116   0.0001   0.6207  78.8842 139.8305
  12.500   1.0998   0.02342   0.00307   0.0147   0.0001   0.6252  78.9028 140.0795
  13.000   1.1102   0.02597   0.00412   0.0175   0.0001   0.6347  78.9136 140.6040
  13.500   1.1184   0.02890   0.00544   0.0200   0.0001   0.6402  78.9231 140.9130
  14.000   1.1267   0.03202   0.00695   0.0221   0.0001   0.6467  78.9318 141.2688
