  
       XFOIL         Version 6.99
  
 Calculated polar for: S809-like Airfoil                               
  
 1 1 Reynolds number fixed          Mach number fixed         
  
 xtrf =   1.000 (top)        1.000 (bottom)  
 Mach =   0.000     Re =     0.100 e 6     Ncrit =   9.000  9.000
  
   alpha    CL        CD       CDp       CM     Top_Xtr  Bot_Xtr  Top_Itr  Bot_Itr
  ------ -------- --------- --------- -------- -------- -------- -------- --------
  -2.000   0.3699   0.04923   0.03223  -0.0643   0.7535   0.6816  14.4894 143.1863
  -1.500   0.4119   0.04792   0.03118  -0.0639   0.7361   0.6906  15.4167 143.6805
  -1.000   0.4347   0.04711   0.03069  -0.0612   0.7214   0.7000  16.1987 144.1967
   0.000   0.4988   0.04535   0.02959  -0.0577   0.6935   0.7190  17.6796 145.2426
   0.500   0.4999   0.04614   0.02996  -0.0513   0.6820   0.7332  18.2897 146.0260
   1.000   0.5698   0.04382   0.02851  -0.0551   0.6707   0.7404  18.8859 146.4203
   1.500   0.5779   0.04412   0.02901  -0.0496   0.6590   0.7532  19.5088 147.1296
   2.000   0.6299   0.04301   0.02793  -0.0506   0.6500   0.7631  19.9839 147.6763
   2.500   0.6454   0.04323   0.02864  -0.0463   0.6389   0.7747  20.5770 148.3160
   3.000   0.6759   0.04289   0.02813  -0.0438   0.6310   0.7899  20.9940 149.1603
   3.500   0.6896   0.04358   0.02917  -0.0394   0.6196   0.7978  21.5992 149.5970
   4.000   0.4449   0.04024   0.02713  -0.0094   0.6129   0.6888  21.9556 143.5814
   4.500   0.3803   0.04312   0.02913   0.0004   0.5964   0.6970  22.8295 144.0303
   5.000   0.4680   0.04212   0.02827  -0.0029   0.5932   0.7025  23.0000 144.3336
   6.500   0.2762   0.06067   0.04222   0.0177   0.5524   0.7194  25.1728 145.2619
   7.000   0.2593   0.06557   0.04646   0.0190   0.5490   0.7254  25.3511 145.5949
   7.500   0.2811   0.06999   0.05002   0.0159   0.5529   0.7325  25.1450 145.9861
   8.000   0.3231   0.07366   0.05258   0.0146   0.5556   0.7384  25.0020 146.3127
   8.500   0.2551   0.08025   0.05980   0.0164   0.5785   0.7430  23.7803 146.5636
   9.000   0.2771   0.08341   0.06256   0.0148   0.5657   0.7510  24.4630 147.0064
   9.500   0.3380   0.08716   0.06485   0.0128   0.5565   0.7585  24.9493 147.4217
  10.000   0.3541   0.08955   0.06722   0.0127   0.5345   0.7657  26.1258 147.8195
  10.500   0.6707   0.04560   0.02058   0.0318   0.1163   0.7880  50.9284 149.0531
  11.000   0.6570   0.05059   0.02424   0.0338   0.1005   0.7949  52.4923 149.4379
  11.500   0.6917   0.05153   0.02370   0.0357   0.0839   0.8050  54.3900 149.9938
  12.000   0.7949   0.04915   0.01964   0.0382   0.0690   0.8171  56.4415 150.6656
  12.500   0.9163   0.05111   0.01968   0.0354   0.0605   0.8290  57.7887 151.3284
  13.000   0.9718   0.05614   0.02298   0.0344   0.0573   0.8410  58.3556 151.9944
  13.500   0.9900   0.06183   0.02718   0.0362   0.0575   0.8529  58.3108 152.6564
  14.000   0.9840   0.06805   0.03214   0.0381   0.0578   0.8650  58.2484 153.3290
