S809-like Airfoil
  1.000000  0.000000
  0.999938  0.000010
  0.999751  0.000038
  0.999439  0.000087
  0.999003  0.000154
  0.998443  0.000241
  0.997759  0.000349
  0.996950  0.000476
  0.996018  0.000624
  0.994962  0.000794
  0.993782  0.000984
  0.992480  0.001197
  0.991055  0.001433
  0.989507  0.001691
  0.987838  0.001974
  0.986046  0.002280
  0.984134  0.002612
  0.982101  0.002969
  0.979948  0.003352
  0.977675  0.003761
  0.975284  0.004198
  0.972774  0.004662
  0.970146  0.005154
  0.967400  0.005675
  0.964539  0.006224
  0.961561  0.006802
  0.958469  0.007410
  0.955262  0.008047
  0.951942  0.008713
  0.948509  0.009409
  0.944964  0.010135
  0.941309  0.010890
  0.937544  0.011673
  0.933669  0.012486
  0.929686  0.013327
  0.925597  0.014196
  0.921401  0.015092
  0.917100  0.016016
  0.912695  0.016965
  0.908188  0.017940
  0.903579  0.018939
  0.898869  0.019962
  0.894059  0.021008
  0.889152  0.022077
  0.884147  0.023166
  0.879047  0.024275
  0.873852  0.025402
  0.868565  0.026548
  0.863185  0.027711
  0.857715  0.028889
  0.852155  0.030082
  0.846508  0.031289
  0.840775  0.032508
  0.834956  0.033738
  0.829054  0.034980
  0.823070  0.036230
  0.817006  0.037490
  0.810863  0.038757
  0.804642  0.040031
  0.798345  0.041311
  0.791974  0.042596
  0.785529  0.043886
  0.779014  0.045180
  0.772430  0.046477
  0.765777  0.047777
  0.759058  0.049079
  0.752275  0.050383
  0.745429  0.051688
  0.738522  0.052994
  0.731555  0.054300
  0.724530  0.055607
  0.717450  0.056913
  0.710315  0.058218
  0.703128  0.059522
  0.695890  0.060825
  0.688604  0.062126
  0.681270  0.063426
  0.673891  0.064722
  0.666469  0.066016
  0.659006  0.067306
  0.651503  0.068593
  0.643962  0.069875
  0.636385  0.071152
  0.628774  0.072423
  0.621131  0.073688
  0.613458  0.074945
  0.605757  0.076194
  0.598029  0.077434
  0.590277  0.078663
  0.582502  0.079880
  0.574707  0.081085
  0.566893  0.082275
  0.559063  0.083450
  0.551217  0.084607
  0.543359  0.085745
  0.535491  0.086862
  0.527613  0.087957
  0.519728  0.089027
  0.511839  0.090071
  0.503947  0.091087
  0.496053  0.092072
  0.488161  0.093025
  0.480271  0.093943
  0.472387  0.094824
  0.464509  0.095665
  0.456641  0.096466
  0.448783  0.097223
  0.440937  0.097934
  0.433107  0.098598
  0.425293  0.099211
  0.417498  0.099773
  0.409723  0.100281
  0.401971  0.100733
  0.394243  0.101127
  0.386542  0.101463
  0.378869  0.101737
  0.371226  0.101949
  0.363615  0.102098
  0.356038  0.102182
  0.348497  0.102200
  0.340994  0.102152
  0.333531  0.102037
  0.326109  0.101853
  0.318730  0.101602
  0.311396  0.101282
  0.304110  0.100895
  0.296872  0.100439
  0.289685  0.099916
  0.282550  0.099326
  0.275470  0.098670
  0.268445  0.097948
  0.261478  0.097163
  0.254571  0.096314
  0.247725  0.095405
  0.240941  0.094436
  0.234223  0.093408
  0.227570  0.092325
  0.220986  0.091188
  0.214470  0.090000
  0.208026  0.088762
  0.201655  0.087476
  0.195358  0.086147
  0.189138  0.084775
  0.182994  0.083363
  0.176930  0.081915
  0.170946  0.080433
  0.165044  0.078919
  0.159225  0.077377
  0.153492  0.075808
  0.147845  0.074217
  0.142285  0.072604
  0.136815  0.070974
  0.131435  0.069329
  0.126148  0.067671
  0.120953  0.066002
  0.115853  0.064326
  0.110848  0.062644
  0.105941  0.060958
  0.101131  0.059272
  0.096421  0.057586
  0.091812  0.055903
  0.087305  0.054224
  0.082900  0.052551
  0.078599  0.050887
  0.074403  0.049231
  0.070314  0.047586
  0.066331  0.045952
  0.062456  0.044331
  0.058691  0.042724
  0.055036  0.041131
  0.051491  0.039553
  0.048058  0.037990
  0.044738  0.036444
  0.041531  0.034914
  0.038439  0.033401
  0.035461  0.031905
  0.032600  0.030425
  0.029854  0.028962
  0.027226  0.027516
  0.024716  0.026086
  0.022325  0.024672
  0.020052  0.023274
  0.017899  0.021890
  0.015866  0.020522
  0.013954  0.019167
  0.012162  0.017826
  0.010493  0.016497
  0.008945  0.015180
  0.007520  0.013875
  0.006218  0.012580
  0.005038  0.011294
  0.003982  0.010017
  0.003050  0.008748
  0.002241  0.007485
  0.001557  0.006229
  0.000997  0.004977
  0.000561  0.003729
  0.000249  0.002485
  0.000062  0.001242
  0.000000  0.000000
  0.000000  -0.000000
  0.000062  -0.000945
  0.000249  -0.001892
  0.000561  -0.002843
  0.000997  -0.003799
  0.001557  -0.004762
  0.002241  -0.005734
  0.003050  -0.006717
  0.003982  -0.007712
  0.005038  -0.008722
  0.006218  -0.009747
  0.007520  -0.010789
  0.008945  -0.011850
  0.010493  -0.012931
  0.012162  -0.014034
  0.013954  -0.015159
  0.015866  -0.016309
  0.017899  -0.017484
  0.020052  -0.018685
  0.022325  -0.019913
  0.024716  -0.021169
  0.027226  -0.022454
  0.029854  -0.023768
  0.032600  -0.025113
  0.035461  -0.026487
  0.038439  -0.027893
  0.041531  -0.029328
  0.044738  -0.030795
  0.048058  -0.032293
  0.051491  -0.033820
  0.055036  -0.035378
  0.058691  -0.036965
  0.062456  -0.038582
  0.066331  -0.040226
  0.070314  -0.041897
  0.074403  -0.043594
  0.078599  -0.045315
  0.082900  -0.047060
  0.087305  -0.048827
  0.091812  -0.050614
  0.096421  -0.052418
  0.101131  -0.054239
  0.105941  -0.056074
  0.110848  -0.057921
  0.115853  -0.059777
  0.120953  -0.061640
  0.126148  -0.063508
  0.131435  -0.065377
  0.136815  -0.067245
  0.142285  -0.069108
  0.147845  -0.070964
  0.153492  -0.072810
  0.159225  -0.074642
  0.165044  -0.076458
  0.170946  -0.078253
  0.176930  -0.080025
  0.182994  -0.081769
  0.189138  -0.083484
  0.195358  -0.085164
  0.201655  -0.086807
  0.208026  -0.088410
  0.214470  -0.089968
  0.220986  -0.091478
  0.227570  -0.092938
  0.234223  -0.094344
  0.240941  -0.095692
  0.247725  -0.096979
  0.254571  -0.098203
  0.261478  -0.099359
  0.268445  -0.100447
  0.275470  -0.101462
  0.282550  -0.102402
  0.289685  -0.103265
  0.296872  -0.104048
  0.304110  -0.104750
  0.311396  -0.105368
  0.318730  -0.105900
  0.326109  -0.106345
  0.333531  -0.106702
  0.340994  -0.106968
  0.348497  -0.107145
  0.356038  -0.107229
  0.363615  -0.107222
  0.371226  -0.107122
  0.378869  -0.106930
  0.386542  -0.106645
  0.394243  -0.106268
  0.401971  -0.105800
  0.409723  -0.105240
  0.417498  -0.104592
  0.425293  -0.103854
  0.433107  -0.103030
  0.440937  -0.102120
  0.448783  -0.101126
  0.456641  -0.100051
  0.464509  -0.098896
  0.472387  -0.097665
  0.480271  -0.096359
  0.488161  -0.094982
  0.496053  -0.093536
  0.503947  -0.092024
  0.511839  -0.090450
  0.519728  -0.088818
  0.527613  -0.087130
  0.535491  -0.085390
  0.543359  -0.083601
  0.551217  -0.081768
  0.559063  -0.079895
  0.566893  -0.077984
  0.574707  -0.076041
  0.582502  -0.074069
  0.590277  -0.072071
  0.598029  -0.070052
  0.605757  -0.068017
  0.613458  -0.065968
  0.621131  -0.063909
  0.628774  -0.061845
  0.636385  -0.059779
  0.643962  -0.057715
  0.651503  -0.055657
  0.659006  -0.053608
  0.666469  -0.051571
  0.673891  -0.049550
  0.681270  -0.047549
  0.688604  -0.045569
  0.695890  -0.043614
  0.703128  -0.041688
  0.710315  -0.039792
  0.717450  -0.037929
  0.724530  -0.036101
  0.731555  -0.034312
  0.738522  -0.032562
  0.745429  -0.030853
  0.752275  -0.029188
  0.759058  -0.027567
  0.765777  -0.025993
  0.772430  -0.024466
  0.779014  -0.022988
  0.785529  -0.021559
  0.791974  -0.020180
  0.798345  -0.018851
  0.804642  -0.017574
  0.810863  -0.016348
  0.817006  -0.015173
  0.823070  -0.014049
  0.829054  -0.012976
  0.834956  -0.011954
  0.840775  -0.010982
  0.846508  -0.010060
  0.852155  -0.009187
  0.857715  -0.008363
  0.863185  -0.007585
  0.868565  -0.006854
  0.873852  -0.006169
  0.879047  -0.005527
  0.884147  -0.004928
  0.889152  -0.004371
  0.894059  -0.003854
  0.898869  -0.003376
  0.903579  -0.002936
  0.908188  -0.002531
  0.912695  -0.002161
  0.917100  -0.001824
  0.921401  -0.001518
  0.925597  -0.001242
  0.929686  -0.000995
  0.933669  -0.000774
  0.937544  -0.000578
  0.941309  -0.000406
  0.944964  -0.000256
  0.948509  -0.000127
  0.951942  -0.000017
  0.955262  0.000076
  0.958469  0.000152
  0.961561  0.000214
  0.964539  0.000262
  0.967400  0.000297
  0.970146  0.000322
  0.972774  0.000337
  0.975284  0.000343
  0.977675  0.000342
  0.979948  0.000335
  0.982101  0.000322
  0.984134  0.000304
  0.986046  0.000283
  0.987838  0.000260
  0.989507  0.000235
  0.991055  0.000208
  0.992480  0.000181
  0.993782  0.000155
  0.994962  0.000129
  0.996018  0.000104
  0.996950  0.000082
  0.997759  0.000061
  0.998443  0.000043
  0.999003  0.000028
  0.999439  0.000016
  0.999751  0.000007
  0.999938  0.000002
  1.000000  0.000000
