S809-like Airfoil
  1.000000  0.000000
  0.999938  0.000014
  0.999751  0.000057
  0.999439  0.000128
  0.999003  0.000227
  0.998443  0.000356
  0.997759  0.000513
  0.996950  0.000700
  0.996018  0.000916
  0.994962  0.001162
  0.993782  0.001439
  0.992480  0.001747
  0.991055  0.002086
  0.989507  0.002457
  0.987838  0.002860
  0.986046  0.003296
  0.984134  0.003766
  0.982101  0.004269
  0.979948  0.004806
  0.977675  0.005378
  0.975284  0.005985
  0.972774  0.006628
  0.970146  0.007306
  0.967400  0.008021
  0.964539  0.008771
  0.961561  0.009559
  0.958469  0.010382
  0.955262  0.011242
  0.951942  0.012139
  0.948509  0.013072
  0.944964  0.014040
  0.941309  0.015045
  0.937544  0.016085
  0.933669  0.017160
  0.929686  0.018270
  0.925597  0.019413
  0.921401  0.020589
  0.917100  0.021798
  0.912695  0.023038
  0.908188  0.024308
  0.903579  0.025608
  0.898869  0.026937
  0.894059  0.028293
  0.889152  0.029675
  0.884147  0.031083
  0.879047  0.032514
  0.873852  0.033968
  0.868565  0.035444
  0.863185  0.036940
  0.857715  0.038454
  0.852155  0.039986
  0.846508  0.041535
  0.840775  0.043099
  0.834956  0.044676
  0.829054  0.046267
  0.823070  0.047869
  0.817006  0.049481
  0.810863  0.051102
  0.804642  0.052732
  0.798345  0.054369
  0.791974  0.056012
  0.785529  0.057660
  0.779014  0.059313
  0.772430  0.060969
  0.765777  0.062628
  0.759058  0.064289
  0.752275  0.065951
  0.745429  0.067614
  0.738522  0.069277
  0.731555  0.070939
  0.724530  0.072599
  0.717450  0.074258
  0.710315  0.075915
  0.703128  0.077568
  0.695890  0.079218
  0.688604  0.080864
  0.681270  0.082505
  0.673891  0.084141
  0.666469  0.085770
  0.659006  0.087393
  0.651503  0.089009
  0.643962  0.090616
  0.636385  0.092214
  0.628774  0.093802
  0.621131  0.095379
  0.613458  0.096944
  0.605757  0.098496
  0.598029  0.100033
  0.590277  0.101555
  0.582502  0.103059
  0.574707  0.104545
  0.566893  0.106010
  0.559063  0.107453
  0.551217  0.108872
  0.543359  0.110266
  0.535491  0.111632
  0.527613  0.112968
  0.519728  0.114273
  0.511839  0.115544
  0.503947  0.116779
  0.496053  0.117975
  0.488161  0.119131
  0.480271  0.120244
  0.472387  0.121311
  0.464509  0.122331
  0.456641  0.123301
  0.448783  0.124218
  0.440937  0.125080
  0.433107  0.125886
  0.425293  0.126632
  0.417498  0.127316
  0.409723  0.127937
  0.401971  0.128492
  0.394243  0.128980
  0.386542  0.129399
  0.378869  0.129746
  0.371226  0.130021
  0.363615  0.130222
  0.356038  0.130347
  0.348497  0.130397
  0.340994  0.130369
  0.333531  0.130263
  0.326109  0.130078
  0.318730  0.129814
  0.311396  0.129471
  0.304110  0.129049
  0.296872  0.128548
  0.289685  0.127968
  0.282550  0.127310
  0.275470  0.126574
  0.268445  0.125762
  0.261478  0.124875
  0.254571  0.123914
  0.247725  0.122881
  0.240941  0.121776
  0.234223  0.120603
  0.227570  0.119362
  0.220986  0.118057
  0.214470  0.116689
  0.208026  0.115260
  0.201655  0.113773
  0.195358  0.112231
  0.189138  0.110635
  0.182994  0.108990
  0.176930  0.107297
  0.170946  0.105559
  0.165044  0.103780
  0.159225  0.101961
  0.153492  0.100107
  0.147845  0.098219
  0.142285  0.096300
  0.136815  0.094353
  0.131435  0.092382
  0.126148  0.090388
  0.120953  0.088374
  0.115853  0.086343
  0.110848  0.084297
  0.105941  0.082238
  0.101131  0.080170
  0.096421  0.078094
  0.091812  0.076012
  0.087305  0.073926
  0.082900  0.071837
  0.078599  0.069749
  0.074403  0.067662
  0.070314  0.065578
  0.066331  0.063497
  0.062456  0.061423
  0.058691  0.059355
  0.055036  0.057294
  0.051491  0.055242
  0.048058  0.053198
  0.044738  0.051165
  0.041531  0.049142
  0.038439  0.047130
  0.035461  0.045129
  0.032600  0.043140
  0.029854  0.041161
  0.027226  0.039195
  0.024716  0.037240
  0.022325  0.035297
  0.020052  0.033364
  0.017899  0.031443
  0.015866  0.029533
  0.013954  0.027633
  0.012162  0.025743
  0.010493  0.023862
  0.008945  0.021990
  0.007520  0.020127
  0.006218  0.018272
  0.005038  0.016423
  0.003982  0.014582
  0.003050  0.012746
  0.002241  0.010915
  0.001557  0.009089
  0.000997  0.007267
  0.000561  0.005447
  0.000249  0.003630
  0.000062  0.001815
  0.000000  0.000000
  0.000000  -0.000000
  0.000062  -0.000379
  0.000249  -0.000760
  0.000561  -0.001145
  0.000997  -0.001536
  0.001557  -0.001935
  0.002241  -0.002344
  0.003050  -0.002766
  0.003982  -0.003202
  0.005038  -0.003654
  0.006218  -0.004123
  0.007520  -0.004613
  0.008945  -0.005124
  0.010493  -0.005657
  0.012162  -0.006216
  0.013954  -0.006801
  0.015866  -0.007414
  0.017899  -0.008055
  0.020052  -0.008728
  0.022325  -0.009431
  0.024716  -0.010168
  0.027226  -0.010938
  0.029854  -0.011742
  0.032600  -0.012582
  0.035461  -0.013458
  0.038439  -0.014371
  0.041531  -0.015320
  0.044738  -0.016307
  0.048058  -0.017330
  0.051491  -0.018391
  0.055036  -0.019490
  0.058691  -0.020625
  0.062456  -0.021797
  0.066331  -0.023004
  0.070314  -0.024247
  0.074403  -0.025524
  0.078599  -0.026835
  0.082900  -0.028178
  0.087305  -0.029552
  0.091812  -0.030955
  0.096421  -0.032387
  0.101131  -0.033845
  0.105941  -0.035327
  0.110848  -0.036832
  0.115853  -0.038358
  0.120953  -0.039902
  0.126148  -0.041462
  0.131435  -0.043035
  0.136815  -0.044620
  0.142285  -0.046213
  0.147845  -0.047813
  0.153492  -0.049415
  0.159225  -0.051017
  0.165044  -0.052617
  0.170946  -0.054211
  0.176930  -0.055797
  0.182994  -0.057371
  0.189138  -0.058930
  0.195358  -0.060472
  0.201655  -0.061993
  0.208026  -0.063490
  0.214470  -0.064960
  0.220986  -0.066399
  0.227570  -0.067806
  0.234223  -0.069178
  0.240941  -0.070510
  0.247725  -0.071801
  0.254571  -0.073047
  0.261478  -0.074247
  0.268445  -0.075396
  0.275470  -0.076494
  0.282550  -0.077538
  0.289685  -0.078525
  0.296872  -0.079454
  0.304110  -0.080321
  0.311396  -0.081127
  0.318730  -0.081868
  0.326109  -0.082544
  0.333531  -0.083153
  0.340994  -0.083694
  0.348497  -0.084166
  0.356038  -0.084567
  0.363615  -0.084898
  0.371226  -0.085158
  0.378869  -0.085347
  0.386542  -0.085463
  0.394243  -0.085508
  0.401971  -0.085481
  0.409723  -0.085384
  0.417498  -0.085215
  0.425293  -0.084976
  0.433107  -0.084669
  0.440937  -0.084293
  0.448783  -0.083849
  0.456641  -0.083340
  0.464509  -0.082767
  0.472387  -0.082131
  0.480271  -0.081433
  0.488161  -0.080676
  0.496053  -0.079862
  0.503947  -0.078992
  0.511839  -0.078068
  0.519728  -0.077093
  0.527613  -0.076070
  0.535491  -0.074999
  0.543359  -0.073884
  0.551217  -0.072728
  0.559063  -0.071532
  0.566893  -0.070299
  0.574707  -0.069032
  0.582502  -0.067734
  0.590277  -0.066406
  0.598029  -0.065052
  0.605757  -0.063674
  0.613458  -0.062275
  0.621131  -0.060857
  0.628774  -0.059423
  0.636385  -0.057975
  0.643962  -0.056516
  0.651503  -0.055049
  0.659006  -0.053575
  0.666469  -0.052098
  0.673891  -0.050618
  0.681270  -0.049140
  0.688604  -0.047664
  0.695890  -0.046193
  0.703128  -0.044729
  0.710315  -0.043274
  0.717450  -0.041830
  0.724530  -0.040399
  0.731555  -0.038981
  0.738522  -0.037580
  0.745429  -0.036196
  0.752275  -0.034831
  0.759058  -0.033486
  0.765777  -0.032163
  0.772430  -0.030863
  0.779014  -0.029587
  0.785529  -0.028335
  0.791974  -0.027110
  0.798345  -0.025911
  0.804642  -0.024740
  0.810863  -0.023598
  0.817006  -0.022484
  0.823070  -0.021399
  0.829054  -0.020345
  0.834956  -0.019321
  0.840775  -0.018327
  0.846508  -0.017364
  0.852155  -0.016433
  0.857715  -0.015532
  0.863185  -0.014662
  0.868565  -0.013823
  0.873852  -0.013016
  0.879047  -0.012239
  0.884147  -0.011493
  0.889152  -0.010777
  0.894059  -0.010091
  0.898869  -0.009435
  0.903579  -0.008807
  0.908188  -0.008209
  0.912695  -0.007639
  0.917100  -0.007096
  0.921401  -0.006581
  0.925597  -0.006092
  0.929686  -0.005628
  0.933669  -0.005190
  0.937544  -0.004776
  0.941309  -0.004386
  0.944964  -0.004019
  0.948509  -0.003674
  0.951942  -0.003351
  0.955262  -0.003048
  0.958469  -0.002765
  0.961561  -0.002501
  0.964539  -0.002255
  0.967400  -0.002027
  0.970146  -0.001815
  0.972774  -0.001619
  0.975284  -0.001438
  0.977675  -0.001272
  0.979948  -0.001119
  0.982101  -0.000979
  0.984134  -0.000851
  0.986046  -0.000734
  0.987838  -0.000628
  0.989507  -0.000533
  0.991055  -0.000447
  0.992480  -0.000370
  0.993782  -0.000302
  0.994962  -0.000241
  0.996018  -0.000188
  0.996950  -0.000143
  0.997759  -0.000104
  0.998443  -0.000072
  0.999003  -0.000046
  0.999439  -0.000025
  0.999751  -0.000011
  0.999938  -0.000003
  1.000000  -0.000000
